latitude,longitude,time
+37.64679,-122.4066,1211063136
+37.80765,-122.41232,1211516754
+37.75306,-122.50573,1211780355
+37.76727,-122.45859,1211958735
+37.7387,-122.40644,1212007440
+37.73769,-122.40725,1212007505
+37.7349,-122.41049,1212007561
+37.7322,-122.41806,1212007637
+37.73163,-122.43471,1212007681
+37.72332,-122.44775,1212007730
+37.71112,-122.4554,1212007778
+37.7061,-122.47105,1212007834
+37.69117,-122.47059,1212007878
+37.67792,-122.47224,1212007932
+37.66889,-122.48485,1212007986
+37.65771,-122.49022,1212008046
+37.60559,-122.49507,1212008391
+37.60018,-122.48632,1212008451
+37.60474,-122.49431,1212010362
+37.64191,-122.49115,1212010576
+37.66548,-122.48552,1212010681
+37.67483,-122.47328,1212010737
+37.68826,-122.47054,1212010788
+37.70184,-122.47123,1212010840
+37.7104,-122.45865,1212010898
+37.72093,-122.44806,1212010952
+37.73094,-122.43637,1212011005
+37.73166,-122.41961,1212011057
+37.73575,-122.4088,1212011113
+37.73784,-122.407,1212011173
+37.73824,-122.40418,1212011233
+37.73826,-122.40413,1212011293
+37.73826,-122.40416,1212011353
+37.73824,-122.40417,1212011413
+37.73825,-122.40415,1212011474
+37.73824,-122.40415,1212011539
+37.73823,-122.40413,1212011596
+37.73825,-122.40413,1212011656
+37.73825,-122.40414,1212011716
+37.73824,-122.40414,1212011777
+37.73824,-122.40416,1212011837
+37.73824,-122.40415,1212011898
+37.73824,-122.40414,1212011958
+37.73825,-122.40414,1212012020
+37.73826,-122.40412,1212012081
+37.73825,-122.40412,1212012141
+37.73824,-122.40415,1212012201
+37.73824,-122.40414,1212012262
+37.73823,-122.40415,1212012328
+37.73822,-122.40416,1212012382
+37.7382,-122.40417,1212012447
+37.73816,-122.40419,1212012507
+37.73818,-122.40413,1212012568
+37.7382,-122.4041,1212012623
+37.7382,-122.4041,1212012683
+37.7382,-122.4041,1212012743
+37.73822,-122.40414,1212012803
+37.73823,-122.40417,1212012863
+37.73821,-122.40416,1212012923
+37.73821,-122.40418,1212012983
+37.73822,-122.40415,1212013043
+37.73822,-122.40415,1212013098
+37.73823,-122.40414,1212013158
+37.73823,-122.40415,1212013218
+37.73823,-122.40415,1212013278
+37.73823,-122.40413,1212013349
+37.73823,-122.40413,1212013399
+37.73822,-122.40412,1212013459
+37.73822,-122.40414,1212013522
+37.73822,-122.40412,1212013579
+37.73823,-122.40412,1212013640
+37.73824,-122.40413,1212013700
+37.73825,-122.40413,1212013760
+37.73825,-122.40413,1212013820
+37.73825,-122.40414,1212013881
+37.73825,-122.40414,1212013942
+37.73825,-122.40415,1212014002
+37.73825,-122.40416,1212014062
+37.73825,-122.40416,1212014128
+37.73835,-122.4042,1212014188
+37.73864,-122.40411,1212014243
+37.7418,-122.40325,1212014304
+37.74278,-122.39988,1212014364
+37.74598,-122.39704,1212014424
+37.7519,-122.39503,1212029593
+37.75131,-122.39539,1212029658
+37.75134,-122.39535,1212029713
+37.75121,-122.39473,1212029778
+37.75144,-122.39487,1212030233
+37.75126,-122.39526,1212030287
+37.74977,-122.3966,1212030347
+37.74863,-122.40702,1212030412
+37.74836,-122.41016,1212030453
+37.74824,-122.41778,1212030559
+37.74874,-122.42034,1212030605
+37.7515,-122.42057,1212030665
+37.75212,-122.42262,1212030725
+37.75192,-122.42498,1212030785
+37.75163,-122.42912,1212030845
+37.75134,-122.43361,1212030905
+37.75493,-122.43442,1212030966
+37.75756,-122.43726,1212031130
+37.75759,-122.43732,1212031273
+37.76229,-122.4359,1212031346
+37.76456,-122.43262,1212031466
+37.76789,-122.42835,1212031527
+37.77126,-122.42411,1212031588
+37.77447,-122.42005,1212031649
+37.77615,-122.41807,1212031709
+37.777,-122.41646,1212031780
+37.7809,-122.41219,1212031830
+37.78209,-122.41015,1212031891
+37.78193,-122.4099,1212031951
+37.782,-122.40987,1212032011
+37.78131,-122.40886,1212032071
+37.77741,-122.41326,1212032131
+37.77532,-122.41572,1212032191
+37.77337,-122.41837,1212032251
+37.77226,-122.4198,1212032312
+37.77156,-122.42237,1212032372
+37.7687,-122.42235,1212032433
+37.7661,-122.42208,1212032498
+37.76357,-122.42187,1212032553
+37.76171,-122.4217,1212032614
+37.75901,-122.42362,1212032674
+37.7564,-122.42338,1212032739
+37.75537,-122.42327,1212032756
+37.75252,-122.423,1212032816
+37.74916,-122.42269,1212032876
+37.74425,-122.42268,1212032936
+37.74424,-122.42267,1212032997
+37.74424,-122.42269,1212033057
+37.74423,-122.42269,1212033118
+37.74401,-122.42271,1212033179
+37.74576,-122.42452,1212033240
+37.7477,-122.4247,1212033300
+37.74935,-122.42675,1212033361
+37.74904,-122.43192,1212033421
+37.74965,-122.43614,1212033482
+37.75391,-122.43654,1212033547
+37.7578,-122.43801,1212033730
+37.75793,-122.43802,1212033732
+37.75929,-122.43509,1212033792
+37.7623,-122.4351,1212033852
+37.76524,-122.43168,1212033912
+37.76816,-122.42806,1212034032
+37.77025,-122.42536,1212034093
+37.77462,-122.42084,1212034152
+37.77768,-122.42139,1212034217
+37.78046,-122.42197,1212034242
+37.78627,-122.42319,1212034302
+37.78714,-122.42087,1212034362
+37.78846,-122.42022,1212034423
+37.78984,-122.42054,1212034485
+37.79198,-122.42099,1212034544
+37.7926,-122.41955,1212034604
+37.79098,-122.4175,1212034682
+37.79098,-122.4175,1212034720
+37.79154,-122.41316,1212034742
+37.79154,-122.41316,1212034769
+37.79193,-122.41031,1212034802
+37.79239,-122.4062,1212034866
+37.79243,-122.40355,1212034928
+37.79262,-122.40313,1212034964
+37.79248,-122.40251,1212035021
+37.79086,-122.40232,1212035062
+37.78832,-122.40009,1212035120
+37.78689,-122.39835,1212035185
+37.78527,-122.39608,1212035245
+37.78276,-122.39329,1212035305
+37.78065,-122.39072,1212035366
+37.77625,-122.39451,1212035422
+37.77037,-122.39789,1212035481
+37.76284,-122.39199,1212035541
+37.75898,-122.3904,1212035601
+37.75789,-122.39311,1212035661
+37.75846,-122.39319,1212035707
+37.75847,-122.3932,1212035709
+37.76244,-122.39359,1212035769
+37.76403,-122.39481,1212035829
+37.76373,-122.39933,1212035894
+37.76369,-122.40341,1212035949
+37.76457,-122.40674,1212036009
+37.76435,-122.41033,1212036070
+37.76478,-122.41304,1212036130
+37.76545,-122.41466,1212036190
+37.76522,-122.41728,1212036251
+37.76499,-122.42141,1212036311
+37.76796,-122.42209,1212036371
+37.76828,-122.4221,1212036431
+37.76825,-122.42212,1212036438
+37.77208,-122.42254,1212036498
+37.77439,-122.42079,1212036558
+37.77911,-122.42189,1212036618
+37.78537,-122.42291,1212036679
+37.78646,-122.42184,1212036739
+37.78783,-122.42173,1212036800
+37.78753,-122.42181,1212036823
+37.78753,-122.42181,1212036826
+37.7892,-122.42045,1212036882
+37.79096,-122.41771,1212036953
+37.79131,-122.41427,1212037027
+37.7921,-122.40907,1212037064
+37.79247,-122.40664,1212037092
+37.7928,-122.40416,1212037148
+37.79287,-122.40415,1212037212
+37.79288,-122.40423,1212037268
+37.79288,-122.40421,1212037328
+37.79275,-122.40424,1212037388
+37.79259,-122.40432,1212037448
+37.79284,-122.40414,1212037520
+37.7927,-122.40397,1212037569
+37.79311,-122.40407,1212037629
+37.79316,-122.40408,1212037637
+37.79349,-122.40334,1212037697
+37.79037,-122.40389,1212037763
+37.78997,-122.40588,1212037818
+37.78924,-122.40713,1212037883
+37.78924,-122.40713,1212037911
+37.78924,-122.40715,1212038013
+37.78959,-122.40538,1212038078
+37.78931,-122.40695,1212038133
+37.78927,-122.40675,1212038194
+37.78846,-122.40687,1212038261
+37.78606,-122.40646,1212038316
+37.78445,-122.40452,1212038376
+37.78342,-122.40288,1212038441
+37.7791,-122.40081,1212038496
+37.7693,-122.40554,1212038557
+37.75802,-122.4049,1212038619
+37.75279,-122.40296,1212038644
+37.74936,-122.40193,1212038704
+37.74939,-122.40184,1212038764
+37.74939,-122.40187,1212038824
+37.74941,-122.40186,1212038833
+37.74962,-122.39849,1212038864
+37.74852,-122.39672,1212040099
+37.74852,-122.39672,1212040118
+37.74735,-122.39618,1212040135
+37.74506,-122.39227,1212040196
+37.74506,-122.39227,1212040209
+37.74094,-122.38497,1212040244
+37.73629,-122.37942,1212040305
+37.73169,-122.37919,1212040365
+37.73097,-122.37646,1212040405
+37.73097,-122.37646,1212040407
+37.73108,-122.37713,1212040468
+37.73437,-122.37939,1212040528
+37.73916,-122.38153,1212040588
+37.74262,-122.38768,1212040650
+37.74262,-122.38769,1212040711
+37.74504,-122.39202,1212040781
+37.74707,-122.39559,1212040829
+37.74953,-122.3972,1212040889
+37.74956,-122.40355,1212040950
+37.74829,-122.41297,1212041011
+37.74816,-122.41996,1212041070
+37.74614,-122.42235,1212041125
+37.74494,-122.42462,1212041184
+37.7449,-122.42467,1212041244
+37.74489,-122.42467,1212041305
+37.7449,-122.42467,1212041333
+37.74497,-122.42458,1212041389
+37.74496,-122.4246,1212041449
+37.74496,-122.4246,1212041525
+37.74496,-122.4246,1212041574
+37.74495,-122.42459,1212041629
+37.74495,-122.42459,1212041645
+37.74496,-122.42461,1212041689
+37.74493,-122.42464,1212041749
+37.74496,-122.42456,1212041824
+37.74497,-122.42457,1212041869
+37.74497,-122.42457,1212041884
+37.74489,-122.42464,1212041929
+37.74493,-122.4246,1212041989
+37.74496,-122.42458,1212042055
+37.74494,-122.42462,1212042119
+37.74492,-122.4246,1212042190
+37.74496,-122.42461,1212042230
+37.74496,-122.42461,1212042244
+37.74497,-122.42456,1212042266
+37.74497,-122.42455,1212042298
+37.74492,-122.42461,1212042352
+37.74492,-122.42461,1212042366
+37.74494,-122.42462,1212042412
+37.74499,-122.42453,1212042468
+37.74492,-122.42465,1212042528
+37.74498,-122.42458,1212042589
+37.74496,-122.42457,1212042651
+37.74495,-122.42458,1212042710
+37.74494,-122.4246,1212042771
+37.74496,-122.4246,1212042832
+37.74497,-122.42459,1212042891
+37.74495,-122.42456,1212042957
+37.74494,-122.42457,1212043017
+37.74496,-122.42462,1212043078
+37.74501,-122.4246,1212043137
+37.74497,-122.42457,1212043193
+37.74492,-122.42464,1212043258
+37.74497,-122.42458,1212043314
+37.74495,-122.4246,1212043378
+37.74492,-122.42462,1212043435
+37.74493,-122.42462,1212043493
+37.74493,-122.42462,1212043551
+37.74397,-122.42252,1212043616
+37.74664,-122.41915,1212043671
+37.74875,-122.41803,1212043731
+37.7522,-122.41937,1212043791
+37.75369,-122.42062,1212043852
+37.75746,-122.41889,1212043917
+37.76237,-122.41935,1212043972
+37.76325,-122.42167,1212044032
+37.765,-122.41959,1212044092
+37.76501,-122.41942,1212044105
+37.76501,-122.41942,1212044119
+37.76209,-122.41514,1212044171
+37.75904,-122.41472,1212044226
+37.75918,-122.40985,1212044286
+37.75677,-122.40859,1212044340
+37.75677,-122.4086,1212044344
+37.75588,-122.4118,1212044424
+37.75574,-122.41421,1212044476
+37.75561,-122.41637,1212044524
+37.7561,-122.41884,1212044586
+37.75658,-122.41882,1212044608
+37.76168,-122.41932,1212044673
+37.76601,-122.41974,1212044732
+37.76985,-122.41996,1212044799
+37.77422,-122.41728,1212044858
+37.77607,-122.41481,1212044892
+37.77734,-122.41326,1212044952
+37.78208,-122.41,1212045012
+37.78374,-122.40807,1212045073
+37.78502,-122.40483,1212045137
+37.78503,-122.40455,1212045160
+37.78493,-122.40447,1212045161
+37.78609,-122.40197,1212045208
+37.78746,-122.40711,1212045408
+37.78634,-122.41465,1212045471
+37.78632,-122.41533,1212045481
+37.7881,-122.41667,1212045548
+37.78804,-122.41838,1212045572
+37.78715,-122.42291,1212045632
+37.78647,-122.42484,1212045693
+37.77946,-122.42352,1212045753
+37.77349,-122.42232,1212045813
+37.77139,-122.42255,1212045873
+37.76746,-122.42218,1212045933
+37.76505,-122.42195,1212045957
+37.76504,-122.42193,1212045969
+37.76487,-122.42399,1212046019
+37.76487,-122.42399,1212046036
+37.76755,-122.42429,1212046095
+37.76998,-122.42458,1212046155
+37.77499,-122.42086,1212046220
+37.77747,-122.42141,1212046281
+37.7842,-122.42275,1212046336
+37.79079,-122.42408,1212046397
+37.79292,-122.42308,1212046457
+37.79326,-122.42139,1212046517
+37.79354,-122.41804,1212046582
+37.79396,-122.41553,1212046637
+37.79468,-122.41477,1212046699
+37.79439,-122.41993,1212046757
+37.79389,-122.42454,1212046822
+37.79603,-122.42521,1212046877
+37.79902,-122.42852,1212046938
+37.7983,-122.43392,1212046998
+37.79811,-122.43525,1212047021
+37.7974,-122.44089,1212047081
+37.79994,-122.44284,1212047131
+37.79993,-122.44281,1212047143
+37.80048,-122.43916,1212047201
+37.79981,-122.43607,1212047267
+37.79728,-122.43555,1212047323
+37.79761,-122.43157,1212047375
+37.79759,-122.43221,1212047435
+37.79801,-122.4283,1212047509
+37.79835,-122.4256,1212047562
+37.79588,-122.42203,1212047630
+37.79626,-122.41862,1212047643
+37.79761,-122.4088,1212047716
+37.79852,-122.40161,1212047763
+37.79776,-122.40085,1212047816
+37.79271,-122.39978,1212047877
+37.79153,-122.40397,1212047937
+37.79102,-122.41125,1212047999
+37.78965,-122.42039,1212048057
+37.78851,-122.42938,1212048117
+37.7874,-122.43807,1212048177
+37.78641,-122.44609,1212048242
+37.77945,-122.44727,1212048298
+37.77296,-122.4463,1212048363
+37.77223,-122.45215,1212048424
+37.76736,-122.45844,1212048485
+37.76617,-122.46245,1212048540
+37.76585,-122.4695,1212048600
+37.76552,-122.47185,1212048623
+37.76552,-122.47184,1212048624
+37.76551,-122.47182,1212048645
+37.76552,-122.47181,1212048720
+37.76383,-122.47076,1212048786
+37.76405,-122.46623,1212048841
+37.76431,-122.46023,1212048902
+37.76605,-122.45553,1212048963
+37.76764,-122.45319,1212049022
+37.76954,-122.45067,1212049081
+37.76988,-122.44808,1212049122
+37.77131,-122.44423,1212049182
+37.77329,-122.43618,1212049243
+37.77342,-122.43508,1212049268
+37.7729,-122.43399,1212049314
+37.77206,-122.43078,1212049373
+37.77091,-122.42854,1212049433
+37.76795,-122.42908,1212049493
+37.76783,-122.42917,1212049558
+37.76703,-122.42979,1212049583
+37.76363,-122.43398,1212049643
+37.76227,-122.43937,1212049703
+37.76183,-122.44666,1212049764
+37.75716,-122.44755,1212049824
+37.75469,-122.44464,1212049885
+37.75351,-122.44498,1212049925
+37.75352,-122.44499,1212049926
+37.75454,-122.44463,1212049986
+37.7529,-122.44478,1212050046
+37.75012,-122.4455,1212050106
+37.7474,-122.44328,1212050166
+37.74867,-122.4384,1212050206
+37.75037,-122.43399,1212050262
+37.75154,-122.43011,1212050337
+37.75181,-122.42552,1212050387
+37.75216,-122.42029,1212050444
+37.7549,-122.41868,1212050507
+37.75751,-122.4189,1212050567
+37.76173,-122.41933,1212050622
+37.76339,-122.42111,1212050691
+37.76445,-122.42175,1212050728
+37.76482,-122.42385,1212050775
+37.76432,-122.43268,1212050836
+37.76289,-122.43504,1212050895
+37.76497,-122.4421,1212050955
+37.76741,-122.44477,1212051015
+37.7688,-122.4492,1212051076
+37.76957,-122.44963,1212051097
+37.76992,-122.44774,1212051157
+37.76986,-122.44842,1212051207
+37.7703,-122.45228,1212051277
+37.77015,-122.4536,1212051328
+37.77128,-122.45389,1212051388
+37.77567,-122.45532,1212051448
+37.77546,-122.45692,1212051480
+37.77542,-122.45691,1212051492
+37.77543,-122.45691,1212051526
+37.77546,-122.45696,1212051588
+37.77639,-122.45712,1212051648
+37.77784,-122.45298,1212051708
+37.77714,-122.45108,1212051747
+37.77722,-122.44992,1212051805
+37.77722,-122.44993,1212051865
+37.77721,-122.44993,1212051926
+37.77726,-122.44981,1212051994
+37.77597,-122.44493,1212052042
+37.77648,-122.4411,1212052106
+37.77681,-122.4384,1212052122
+37.77681,-122.43837,1212052126
+37.77418,-122.43769,1212052184
+37.76832,-122.43574,1212052244
+37.76295,-122.43524,1212052305
+37.76085,-122.43613,1212052369
+37.76101,-122.43322,1212052424
+37.76128,-122.42859,1212052484
+37.76158,-122.42374,1212052545
+37.76189,-122.41751,1212052605
+37.76516,-122.41876,1212052667
+37.76491,-122.41972,1212052694
+37.7622,-122.41727,1212052750
+37.75617,-122.4167,1212052810
+37.75257,-122.41636,1212052870
+37.75258,-122.41638,1212052931
+37.75257,-122.41637,1212052991
+37.75263,-122.41409,1212053052
+37.75753,-122.41454,1212053112
+37.7628,-122.41503,1212053172
+37.76543,-122.41333,1212053232
+37.76574,-122.40782,1212053293
+37.76698,-122.40763,1212053336
+37.76704,-122.40766,1212053338
+37.76705,-122.40862,1212053398
+37.76595,-122.40768,1212053458
+37.7656,-122.41128,1212053518
+37.76523,-122.41722,1212053578
+37.76503,-122.4204,1212053644
+37.76276,-122.42173,1212053698
+37.75785,-122.42133,1212053758
+37.75241,-122.42064,1212053818
+37.75241,-122.42064,1212053828
+37.75735,-122.42113,1212053888
+37.7646,-122.42184,1212053948
+37.77146,-122.42249,1212054010
+37.7729,-122.4221,1212054070
+37.77629,-122.42114,1212054131
+37.78103,-122.42037,1212054192
+37.78164,-122.41669,1212054257
+37.78367,-122.41423,1212054318
+37.78455,-122.41453,1212054334
+37.78456,-122.41448,1212054336
+37.78458,-122.41444,1212054396
+37.78499,-122.41794,1212054456
+37.78593,-122.41963,1212054516
+37.78268,-122.42084,1212054577
+37.78127,-122.42615,1212054640
+37.78052,-122.43191,1212054699
+37.78032,-122.43365,1212054735
+37.77936,-122.44137,1212054799
+37.7781,-122.44701,1212054855
+37.77541,-122.44978,1212054915
+37.77482,-122.45447,1212054980
+37.77427,-122.45923,1212055035
+37.77472,-122.4649,1212055086
+37.77477,-122.4649,1212055088
+37.77703,-122.46507,1212055148
+37.7809,-122.46494,1212055202
+37.78102,-122.46644,1212055305
+37.78087,-122.46974,1212055332
+37.78073,-122.47283,1212055386
+37.78069,-122.47437,1212055449
+37.7806,-122.47499,1212055533
+37.78096,-122.47512,1212055593
+37.78072,-122.47515,1212055653
+37.78062,-122.47143,1212055713
+37.78094,-122.46445,1212055773
+37.78145,-122.45442,1212055833
+37.78125,-122.44896,1212055893
+37.78005,-122.44747,1212055954
+37.77686,-122.44508,1212056014
+37.77517,-122.45115,1212056075
+37.77455,-122.45627,1212056135
+37.77427,-122.45879,1212056195
+37.77339,-122.46577,1212056255
+37.7731,-122.47342,1212056315
+37.77419,-122.47354,1212056332
+37.77581,-122.47366,1212056393
+37.78045,-122.47396,1212056445
+37.78057,-122.4726,1212056482
+37.78092,-122.46487,1212056542
+37.78116,-122.45958,1212056602
+37.78198,-122.45054,1212056663
+37.78384,-122.43986,1212056722
+37.78422,-122.43296,1212056783
+37.78767,-122.43361,1212056843
+37.78894,-122.43389,1212056904
+37.78948,-122.43403,1212056963
+37.78633,-122.43339,1212057023
+37.78261,-122.4326,1212057084
+37.78089,-122.43661,1212057144
+37.7781,-122.43855,1212057204
+37.77418,-122.43776,1212057270
+37.77366,-122.43797,1212057321
+37.77363,-122.43805,1212057381
+37.77367,-122.43808,1212057435
+37.77367,-122.43804,1212057478
+37.77365,-122.43822,1212057552
+37.7733,-122.43762,1212057598
+37.77319,-122.43693,1212057625
+37.77331,-122.43627,1212057686
+37.77225,-122.43707,1212057746
+37.77306,-122.43801,1212057828
+37.7716,-122.43545,1212057885
+37.77224,-122.43717,1212057939
+37.7724,-122.43721,1212057940
+37.77736,-122.43821,1212058000
+37.77861,-122.43851,1212058028
+37.78392,-122.43961,1212058090
+37.78572,-122.43563,1212058148
+37.78515,-122.43313,1212058208
+37.78215,-122.43253,1212058268
+37.77778,-122.43162,1212058328
+37.7782,-122.42693,1212058369
+37.77866,-122.42358,1212058429
+37.77978,-122.42192,1212058489
+37.78383,-122.42278,1212058550
+37.78509,-122.41784,1212058611
+37.78639,-122.41487,1212058672
+37.78981,-122.41551,1212058736
+37.79085,-122.41892,1212058793
+37.79226,-122.42098,1212058853
+37.79578,-122.42165,1212058911
+37.79669,-122.42187,1212058969
+37.79669,-122.42185,1212059031
+37.79668,-122.42188,1212059104
+37.79777,-122.4221,1212059170
+37.7961,-122.42185,1212059226
+37.79303,-122.42125,1212059284
+37.79303,-122.42125,1212059300
+37.79121,-122.42087,1212059307
+37.78968,-122.42048,1212059367
+37.78702,-122.42001,1212059428
+37.78229,-122.41905,1212059488
+37.77675,-122.4178,1212059549
+37.77478,-122.41529,1212059608
+37.76997,-122.4086,1212059671
+37.75805,-122.40493,1212059729
+37.74933,-122.40314,1212059789
+37.7498,-122.39496,1212059850
+37.75092,-122.39343,1212059876
+37.75198,-122.39407,1212059937
+37.75154,-122.39512,1212059997
+37.75148,-122.39518,1212060058
+37.75143,-122.39528,1212060118
+37.75142,-122.39528,1212060167
+37.75125,-122.39476,1212060230
+37.75184,-122.39453,1212060287
+37.75184,-122.39452,1212060347
+37.75184,-122.39451,1212060413
+37.75183,-122.3945,1212060476
+37.75184,-122.39453,1212060590
+37.75182,-122.39452,1212060714
+37.75183,-122.39452,1212060779
+37.75166,-122.39373,1212073255
+37.75155,-122.39363,1212073316
+37.75154,-122.39365,1212073375
+37.75179,-122.39515,1212073441
+37.75133,-122.39518,1212073497
+37.75138,-122.39533,1212073560
+37.75124,-122.39526,1212073618
+37.74984,-122.39567,1212073678
+37.74973,-122.39741,1212073695
+37.74875,-122.40734,1212073750
+37.74835,-122.41054,1212073808
+37.74825,-122.41569,1212073879
+37.74814,-122.42041,1212073929
+37.74713,-122.42372,1212073989
+37.74678,-122.42908,1212074051
+37.74874,-122.42937,1212074109
+37.75151,-122.42967,1212074174
+37.73085,-122.4713,1212075555
+37.73092,-122.4714,1212075616
+37.73112,-122.47482,1212075676
+37.73015,-122.47729,1212075736
+37.72844,-122.4789,1212075801
+37.72813,-122.48062,1212075857
+37.72815,-122.48064,1212075922
+37.72818,-122.48067,1212075989
+37.72811,-122.48061,1212076047
+37.72812,-122.4806,1212076103
+37.72817,-122.48067,1212076196
+37.7271,-122.48366,1212076249
+37.72432,-122.48506,1212076302
+37.71898,-122.48096,1212076428
+37.71875,-122.48091,1212076482
+37.71882,-122.48094,1212076515
+37.71854,-122.48338,1212076585
+37.71831,-122.48512,1212076638
+37.71452,-122.48046,1212076690
+37.71298,-122.47317,1212076750
+37.71298,-122.47317,1212076765
+37.70288,-122.47181,1212076811
+37.68954,-122.47053,1212076878
+37.66311,-122.46576,1212076973
+37.65276,-122.45497,1212077019
+37.6421,-122.44449,1212077070
+37.6307,-122.43557,1212077112
+37.63094,-122.42323,1212077172
+37.63374,-122.40716,1212077227
+37.62213,-122.40075,1212077288
+37.61554,-122.39847,1212077326
+37.61528,-122.38759,1212077377
+37.61776,-122.38526,1212077449
+37.61777,-122.38533,1212077500
+37.61778,-122.38533,1212077503
+37.61647,-122.38841,1212077564
+37.62968,-122.40192,1212077684
+37.63105,-122.40365,1212077748
+37.62102,-122.4004,1212077810
+37.61485,-122.39168,1212077865
+37.61549,-122.38792,1212079966
+37.61616,-122.38612,1212079997
+37.61634,-122.38606,1212080057
+37.61634,-122.38605,1212080117
+37.61628,-122.38618,1212080179
+37.61625,-122.38624,1212080238
+37.61623,-122.38627,1212080304
+37.61636,-122.38607,1212080359
+37.61627,-122.38624,1212080420
+37.61626,-122.38624,1212080490
+37.61625,-122.38621,1212080545
+37.61635,-122.38608,1212080572
+37.61624,-122.38617,1212080697
+37.61624,-122.3862,1212080763
+37.61635,-122.38615,1212080818
+37.61606,-122.38621,1212080875
+37.6161,-122.38623,1212080935
+37.61602,-122.38619,1212081005
+37.61605,-122.38619,1212081055
+37.61607,-122.38617,1212081118
+37.6161,-122.38619,1212081171
+37.61605,-122.38619,1212081244
+37.61598,-122.38619,1212081291
+37.61642,-122.38622,1212081360
+37.61655,-122.38623,1212081416
+37.61643,-122.38624,1212081478
+37.61654,-122.38629,1212081530
+37.61653,-122.38628,1212081591
+37.6156,-122.38852,1212084566
+37.61782,-122.39868,1212084632
+37.63098,-122.40254,1212084672
+37.64422,-122.40611,1212084723
+37.65778,-122.40567,1212084767
+37.66784,-122.39459,1212084812
+37.68045,-122.38861,1212084880
+37.69389,-122.39162,1212084918
+37.70749,-122.39469,1212084961
+37.72016,-122.39989,1212085014
+37.73485,-122.40485,1212085073
+37.74581,-122.39421,1212085114
+37.75928,-122.39225,1212085170
+37.77205,-122.39791,1212085220
+37.77591,-122.39423,1212085281
+37.77849,-122.39235,1212085340
+37.78414,-122.39936,1212085400
+37.78755,-122.40318,1212085461
+37.78972,-122.40541,1212085524
+37.7892,-122.40739,1212085581
+37.78918,-122.40941,1212085642
+37.78833,-122.4102,1212085707
+37.78833,-122.4102,1212085733
+37.78737,-122.41005,1212085788
+37.78699,-122.41097,1212085840
+37.78658,-122.41294,1212085899
+37.78391,-122.41254,1212085961
+37.78112,-122.40893,1212086021
+37.78112,-122.40893,1212086035
+37.77741,-122.40424,1212086079
+37.7733,-122.39949,1212086141
+37.76112,-122.39261,1212086192
+37.7478,-122.39336,1212086238
+37.73679,-122.40314,1212086288
+37.72328,-122.40112,1212086341
+37.71052,-122.39555,1212086392
+37.69742,-122.3926,1212086434
+37.6842,-122.38962,1212086478
+37.67074,-122.39196,1212086526
+37.66083,-122.40362,1212086573
+37.64727,-122.40655,1212086619
+37.63399,-122.40369,1212086666
+37.62069,-122.40024,1212086726
+37.61503,-122.39024,1212086786
+37.61788,-122.38554,1212086841
+37.61783,-122.38714,1212086902
+37.61725,-122.38761,1212086914
+37.61517,-122.39026,1212086984
+37.61648,-122.38613,1212088294
+37.61633,-122.38626,1212088368
+37.61636,-122.3863,1212088420
+37.61634,-122.38631,1212088480
+37.61632,-122.38633,1212088541
+37.61633,-122.38632,1212088601
+37.61637,-122.38631,1212088657
+37.61636,-122.38629,1212088716
+37.61635,-122.38629,1212088780
+37.61633,-122.38629,1212088836
+37.61635,-122.38628,1212088900
+37.6165,-122.3863,1212088956
+37.6164,-122.38627,1212089016
+37.61652,-122.38629,1212089077
+37.61659,-122.38631,1212089197
+37.61662,-122.38632,1212089257
+37.61654,-122.38631,1212089318
+37.61653,-122.38632,1212089377
+37.61652,-122.38631,1212089443
+37.61651,-122.38631,1212089493
+37.61655,-122.38632,1212089554
+37.61659,-122.38632,1212089619
+37.6166,-122.38632,1212089679
+37.61648,-122.38635,1212089733
+37.61482,-122.39436,1212091211
+37.61457,-122.39136,1212091271
+37.61503,-122.39014,1212091332
+37.61502,-122.39012,1212091392
+37.61506,-122.39022,1212091453
+37.61506,-122.39022,1212091462
+37.61601,-122.39081,1212091505
+37.61709,-122.39808,1212091559
+37.62946,-122.40204,1212091631
+37.63446,-122.41461,1212091679
+37.62953,-122.43,1212091744
+37.63933,-122.44157,1212091793
+37.64983,-122.45211,1212091843
+37.65966,-122.46347,1212091895
+37.67264,-122.46744,1212091946
+37.67264,-122.46744,1212091960
+37.68557,-122.47132,1212091996
+37.69904,-122.47139,1212092043
+37.71274,-122.47121,1212092104
+37.71883,-122.47407,1212092159
+37.72668,-122.47484,1212092220
+37.73057,-122.47482,1212092280
+37.7374,-122.47526,1212092335
+37.74562,-122.4758,1212092400
+37.74854,-122.476,1212092456
+37.75229,-122.47628,1212092517
+37.75792,-122.4767,1212092584
+37.75883,-122.47677,1212092637
+37.76015,-122.47685,1212092697
+37.76106,-122.47699,1212092758
+37.76269,-122.47713,1212092818
+37.76351,-122.47718,1212092879
+37.76538,-122.47729,1212092938
+37.77233,-122.47678,1212092998
+37.77283,-122.47162,1212093073
+37.77386,-122.47181,1212093131
+37.77516,-122.46865,1212093185
+37.77685,-122.46617,1212093239
+37.77685,-122.46617,1212093255
+37.77683,-122.46619,1212093263
+37.77683,-122.46619,1212093284
+37.77577,-122.46611,1212093344
+37.77532,-122.46701,1212093405
+37.77532,-122.46701,1212093427
+37.77571,-122.46709,1212093433
+37.77723,-122.46434,1212093493
+37.77685,-122.45862,1212093553
+37.77636,-122.45747,1212093579
+37.77647,-122.45667,1212093644
+37.77648,-122.45663,1212093755
+37.77644,-122.45665,1212093765
+37.77644,-122.45665,1212093780
+37.77644,-122.45665,1212093800
+37.77775,-122.45397,1212093830
+37.77879,-122.4515,1212093887
+37.77878,-122.44574,1212093948
+37.77958,-122.43222,1212094074
+37.7806,-122.424,1212094137
+37.78084,-122.42225,1212094191
+37.78121,-122.42008,1212094251
+37.77994,-122.41532,1212094309
+37.78033,-122.41272,1212094369
+37.78296,-122.40933,1212094439
+37.78552,-122.40656,1212094493
+37.78744,-122.40372,1212094551
+37.78799,-122.40075,1212094620
+37.78694,-122.40125,1212094656
+37.78695,-122.4012,1212094658
+37.78712,-122.40097,1212094723
+37.78764,-122.39992,1212094759
+37.78951,-122.39773,1212094802
+37.78981,-122.3974,1212094826
+37.79058,-122.39653,1212094886
+37.79279,-122.39395,1212094946
+37.79352,-122.39278,1212095007
+37.7955,-122.39406,1212095067
+37.80087,-122.3989,1212095127
+37.80405,-122.40172,1212095187
+37.80639,-122.40494,1212095247
+37.80794,-122.40845,1212095313
+37.80807,-122.40879,1212095320
+37.80834,-122.4105,1212095378
+37.80855,-122.41299,1212095447
+37.80804,-122.41723,1212095498
+37.80669,-122.41934,1212095563
+37.80608,-122.41734,1212095619
+37.80679,-122.41263,1212095692
+37.80674,-122.41384,1212095749
+37.8053,-122.41651,1212095800
+37.80187,-122.4247,1212095922
+37.7997,-122.42429,1212095982
+37.7947,-122.42328,1212096042
+37.79288,-122.42215,1212096069
+37.79203,-122.42089,1212096147
+37.7908,-122.41866,1212096212
+37.7913,-122.41361,1212096267
+37.79174,-122.4111,1212096332
+37.79172,-122.41114,1212096392
+37.79172,-122.41111,1212096449
+37.79165,-122.4107,1212096510
+37.79165,-122.4107,1212096512
+37.79162,-122.41075,1212096572
+37.79163,-122.41093,1212096632
+37.78958,-122.4136,1212096698
+37.7855,-122.41272,1212096752
+37.783,-122.41258,1212096812
+37.783,-122.41258,1212096830
+37.78215,-122.41093,1212096872
+37.78119,-122.40906,1212096932
+37.77988,-122.40723,1212096959
+37.77741,-122.40435,1212097019
+37.77647,-122.40313,1212097084
+37.77501,-122.40129,1212097139
+37.76976,-122.39801,1212097199
+37.75698,-122.39251,1212097254
+37.74376,-122.39619,1212097310
+37.73222,-122.40448,1212097370
+37.71943,-122.39974,1212097421
+37.70637,-122.39462,1212097469
+37.69325,-122.39167,1212097515
+37.68003,-122.38865,1212097565
+37.66764,-122.39489,1212097612
+37.65719,-122.40611,1212097651
+37.64345,-122.40624,1212097700
+37.63023,-122.40315,1212097752
+37.61714,-122.39917,1212097812
+37.61504,-122.39013,1212097866
+37.61743,-122.38476,1212097926
+37.61612,-122.38882,1212097996
+37.61526,-122.38826,1212098046
+37.61519,-122.38498,1212098106
+37.61515,-122.38492,1212098164
+37.61531,-122.38483,1212098174
+37.61531,-122.38483,1212098186
+37.61646,-122.38828,1212098227
+37.61562,-122.38862,1212098288
+37.61632,-122.38593,1212098527
+37.61632,-122.38592,1212098591
+37.61632,-122.38592,1212098606
+37.61633,-122.38595,1212098642
+37.61635,-122.38593,1212098713
+37.61633,-122.38598,1212098767
+37.61631,-122.38597,1212098822
+37.61628,-122.38591,1212098897
+37.6163,-122.38593,1212098948
+37.6163,-122.38594,1212099009
+37.61634,-122.38593,1212099064
+37.61636,-122.38596,1212099122
+37.61635,-122.38595,1212099183
+37.61635,-122.38595,1212099264
+37.61633,-122.38595,1212099315
+37.61631,-122.38597,1212099369
+37.61629,-122.38595,1212099430
+37.64721,-122.40638,1212102704
+37.66114,-122.40307,1212102742
+37.67124,-122.39143,1212102795
+37.68484,-122.38959,1212102839
+37.69832,-122.39264,1212102880
+37.71141,-122.3956,1212102935
+37.72442,-122.40133,1212102992
+37.73629,-122.40389,1212103052
+37.74323,-122.3966,1212103080
+37.7562,-122.39215,1212103129
+37.769,-122.39728,1212103184
+37.77522,-122.39519,1212103244
+37.77651,-122.39326,1212103304
+37.78,-122.39397,1212103364
+37.78444,-122.39965,1212103421
+37.78709,-122.40298,1212103485
+37.78986,-122.40325,1212103542
+37.79148,-122.40482,1212103606
+37.7912,-122.40893,1212103664
+37.7923,-122.40921,1212103729
+37.79231,-122.40918,1212103737
+37.79232,-122.40922,1212103804
+37.79232,-122.40922,1212103818
+37.79231,-122.4092,1212103864
+37.79246,-122.40926,1212103924
+37.79067,-122.41207,1212103990
+37.78935,-122.41719,1212104051
+37.78935,-122.41719,1212104066
+37.78637,-122.4163,1212104127
+37.78269,-122.4157,1212104187
+37.77922,-122.41522,1212104254
+37.77759,-122.41331,1212104307
+37.7757,-122.41102,1212104372
+37.77741,-122.40706,1212104427
+37.78116,-122.40216,1212104487
+37.77814,-122.39627,1212104552
+37.77652,-122.39428,1212104607
+37.77651,-122.39429,1212104628
+37.77648,-122.39427,1212104637
+37.77642,-122.39186,1212104691
+37.77704,-122.39215,1212104714
+37.77676,-122.3921,1212104784
+37.77704,-122.3921,1212104802
+37.77781,-122.39194,1212104862
+37.77813,-122.39154,1212104923
+37.77677,-122.39375,1212104983
+37.77028,-122.3978,1212105043
+37.75726,-122.39245,1212105095
+37.75037,-122.39252,1212105155
+37.75193,-122.39487,1212105215
+37.75172,-122.39527,1212105276
+37.75168,-122.39526,1212105341
+37.75166,-122.39525,1212105398
+37.7517,-122.39525,1212105459
+37.75171,-122.39525,1212105519
+37.75171,-122.39527,1212105579
+37.7517,-122.39526,1212105646
+37.75128,-122.39527,1212118283
+37.75125,-122.3953,1212118337
+37.75123,-122.39529,1212118398
+37.75125,-122.39529,1212118463
+37.74973,-122.39706,1212118513
+37.74949,-122.40356,1212118573
+37.74839,-122.41082,1212118638
+37.74824,-122.41775,1212118753
+37.7486,-122.42255,1212118813
+37.75336,-122.42294,1212118873
+37.75526,-122.42311,1212118934
+37.75928,-122.42369,1212118994
+37.76645,-122.42433,1212119054
+37.76718,-122.42439,1212119073
+37.76954,-122.42459,1212119133
+37.76978,-122.42665,1212119194
+37.77339,-122.42803,1212119256
+37.77285,-122.43213,1212119315
+37.77286,-122.43214,1212119316
+37.77178,-122.43383,1212119376
+37.77225,-122.4292,1212119436
+37.77225,-122.4292,1212119448
+37.77447,-122.42702,1212119499
+37.77481,-122.42412,1212119556
+37.77517,-122.4213,1212119618
+37.78014,-122.42202,1212119684
+37.78662,-122.42203,1212119738
+37.78718,-122.41774,1212119797
+37.78825,-122.41065,1212119866
+37.78907,-122.40402,1212119918
+37.79087,-122.40275,1212119983
+37.79214,-122.40093,1212120038
+37.79491,-122.40074,1212120103
+37.79503,-122.40038,1212120149
+37.79212,-122.39961,1212120210
+37.78799,-122.39511,1212120260
+37.78519,-122.39415,1212120320
+37.78326,-122.39641,1212120386
+37.77893,-122.40098,1212120445
+37.76739,-122.40534,1212120500
+37.75381,-122.40308,1212120572
+37.72777,-122.40301,1212120656
+37.70161,-122.39357,1212120753
+37.66399,-122.39888,1212120926
+37.62525,-122.40202,1212121077
+37.61491,-122.38571,1212121193
+37.63447,-122.4031,1212121460
+37.63682,-122.40396,1212121470
+37.65023,-122.40669,1212121527
+37.67305,-122.39011,1212121629
+37.68662,-122.38994,1212121682
+37.70008,-122.39297,1212121732
+37.71321,-122.39637,1212121781
+37.72638,-122.40198,1212121831
+37.73856,-122.40057,1212121895
+37.75011,-122.39173,1212121935
+37.76379,-122.39269,1212121991
+37.7748,-122.40078,1212122050
+37.77818,-122.39668,1212122116
+37.77929,-122.3954,1212122194
+37.78042,-122.39472,1212122238
+37.78213,-122.39789,1212122298
+37.77855,-122.39695,1212122358
+37.77752,-122.3999,1212122418
+37.78038,-122.39691,1212122479
+37.77967,-122.39589,1212122540
+37.77965,-122.39574,1212122600
+37.77983,-122.39595,1212122660
+37.78086,-122.39543,1212122933
+37.78487,-122.40053,1212122981
+37.78403,-122.40451,1212123054
+37.78385,-122.40438,1212123066
+37.78385,-122.40438,1212123082
+37.78277,-122.40608,1212123115
+37.77763,-122.41295,1212123171
+37.77556,-122.41576,1212123236
+37.7717,-122.41999,1212123295
+37.76857,-122.42009,1212123364
+37.76659,-122.42178,1212123422
+37.76509,-122.42426,1212123472
+37.76178,-122.42396,1212123546
+37.7585,-122.42383,1212123602
+37.75211,-122.42301,1212123713
+37.75178,-122.42665,1212123751
+37.75161,-122.42887,1212123817
+37.75144,-122.43171,1212123882
+37.75143,-122.43198,1212123910
+37.7514,-122.43309,1212123912
+37.75273,-122.43424,1212123974
+37.75918,-122.43496,1212124054
+37.76428,-122.43301,1212124174
+37.76713,-122.42939,1212124235
+37.76732,-122.42912,1212124294
+37.76457,-122.42669,1212124354
+37.76485,-122.42285,1212124414
+37.76343,-122.41982,1212124474
+37.76691,-122.41995,1212124535
+37.76839,-122.41792,1212124627
+37.77375,-122.41644,1212124689
+37.77327,-122.41663,1212124753
+37.77316,-122.41654,1212124811
+37.77324,-122.41661,1212124872
+37.7733,-122.41647,1212124897
+37.77257,-122.41322,1212124961
+37.77377,-122.41191,1212125022
+37.77683,-122.40783,1212125077
+37.78184,-122.40131,1212125142
+37.78369,-122.39907,1212125198
+37.78651,-122.4021,1212125257
+37.78651,-122.4021,1212125279
+37.79085,-122.40434,1212125317
+37.79622,-122.4046,1212125378
+37.79715,-122.40554,1212125394
+37.79718,-122.40562,1212125469
+37.79823,-122.4072,1212125543
+37.79868,-122.40864,1212125591
+37.79837,-122.41141,1212125660
+37.79623,-122.41368,1212125715
+37.79569,-122.41674,1212125781
+37.8,-122.41919,1212125830
+37.8036,-122.42211,1212125890
+37.80417,-122.42352,1212125928
+37.80418,-122.42348,1212125931
+37.80645,-122.42174,1212125991
+37.80785,-122.41748,1212126051
+37.80644,-122.41886,1212126118
+37.80372,-122.41522,1212126172
+37.80326,-122.41458,1212126197
+37.80123,-122.41168,1212126239
+37.79981,-122.40955,1212126295
+37.79998,-122.40961,1212126333
+37.79818,-122.40877,1212126380
+37.79573,-122.42372,1212126506
+37.79894,-122.42574,1212126564
+37.80086,-122.42614,1212126621
+37.80166,-122.42993,1212126681
+37.80148,-122.43063,1212126708
+37.80143,-122.43086,1212126709
+37.80069,-122.43124,1212126769
+37.80104,-122.42649,1212126841
+37.80214,-122.42462,1212126902
+37.8038,-122.42504,1212126950
+37.80467,-122.42081,1212127010
+37.80515,-122.41706,1212127070
+37.80205,-122.4145,1212127104
+37.80211,-122.4111,1212127164
+37.80254,-122.40814,1212127224
+37.80436,-122.41002,1212127300
+37.80691,-122.41058,1212127351
+37.80645,-122.41564,1212127406
+37.80705,-122.41767,1212127472
+37.80802,-122.4178,1212127536
+37.80755,-122.4191,1212127555
+37.8061,-122.41862,1212127623
+37.80238,-122.41323,1212127678
+37.79998,-122.40972,1212127733
+37.79939,-122.41044,1212127793
+37.79668,-122.41015,1212127853
+37.79415,-122.40955,1212127914
+37.79121,-122.41078,1212127973
+37.78927,-122.41057,1212128043
+37.78759,-122.40829,1212128105
+37.7877,-122.40798,1212128166
+37.78766,-122.40781,1212128177
+37.78764,-122.40779,1212128191
+37.7876,-122.40776,1212128206
+37.78761,-122.40778,1212128208
+37.78758,-122.40816,1212128268
+37.78759,-122.40817,1212128328
+37.78735,-122.40799,1212128390
+37.78702,-122.41082,1212128448
+37.78706,-122.41465,1212128508
+37.78833,-122.4085,1212128570
+37.78937,-122.40545,1212128629
+37.79142,-122.40405,1212128689
+37.79213,-122.40454,1212128750
+37.79225,-122.40255,1212128803
+37.79447,-122.39977,1212128872
+37.79344,-122.40187,1212128911
+37.79658,-122.40531,1212128968
+37.79758,-122.40639,1212129033
+37.79899,-122.4085,1212129097
+37.80037,-122.40751,1212129148
+37.79964,-122.40934,1212129208
+37.79772,-122.40871,1212129317
+37.79586,-122.42277,1212129377
+37.80066,-122.42613,1212129441
+37.80077,-122.42614,1212129497
+37.79997,-122.43546,1212129557
+37.79883,-122.44477,1212129617
+37.79783,-122.44931,1212129678
+37.79833,-122.45629,1212129738
+37.79837,-122.46152,1212129814
+37.79734,-122.46187,1212129868
+37.79736,-122.46182,1212129918
+37.79734,-122.46185,1212129987
+37.79747,-122.46174,1212130033
+37.7988,-122.46121,1212130056
+37.79821,-122.45608,1212130105
+37.79743,-122.44998,1212130165
+37.79878,-122.44393,1212130215
+37.79951,-122.43828,1212130280
+37.79762,-122.43563,1212130336
+37.79744,-122.43262,1212130396
+37.79713,-122.42744,1212130456
+37.79741,-122.42567,1212130493
+37.79654,-122.42493,1212130575
+37.79664,-122.42481,1212130635
+37.79659,-122.42481,1212130760
+37.79661,-122.4248,1212130779
+37.79668,-122.42397,1212131193
+37.79674,-122.4239,1212131194
+37.80218,-122.4246,1212131195
+37.80352,-122.41506,1212131196
+37.80376,-122.41505,1212131204
+37.80456,-122.41411,1212131264
+37.80457,-122.4141,1212131324
+37.80457,-122.41406,1212131368
+37.80259,-122.413,1212131429
+37.80036,-122.41086,1212131489
+37.79732,-122.41124,1212131550
+37.7958,-122.42315,1212131610
+37.79299,-122.42292,1212131670
+37.78737,-122.42179,1212131730
+37.78081,-122.42049,1212131791
+37.7776,-122.4199,1212131851
+37.77377,-122.4211,1212131911
+37.77103,-122.42455,1212131972
+37.76751,-122.42909,1212132032
+37.76276,-122.43525,1212132094
+37.76205,-122.44294,1212132154
+37.76101,-122.44658,1212132215
+37.75815,-122.44961,1212132275
+37.75739,-122.45188,1212132336
+37.75738,-122.45188,1212132396
+37.75739,-122.45191,1212132419
+37.7574,-122.45155,1212132431
+37.758,-122.4497,1212132457
+37.75893,-122.44845,1212132518
+37.75877,-122.44607,1212132579
+37.7614,-122.44384,1212132638
+37.76068,-122.44432,1212132698
+37.7613,-122.44402,1212132758
+37.76131,-122.44403,1212132818
+37.76133,-122.44403,1212132879
+37.76104,-122.44223,1212132939
+37.76081,-122.43626,1212133003
+37.76149,-122.43505,1212133064
+37.76224,-122.43509,1212133124
+37.76294,-122.43465,1212133142
+37.76437,-122.42645,1212133204
+37.75837,-122.42588,1212133265
+37.75556,-122.42558,1212133325
+37.75529,-122.42125,1212133393
+37.75539,-122.41958,1212133451
+37.75543,-122.41902,1212133463
+37.75853,-122.41904,1212133523
+37.76173,-122.41944,1212133593
+37.7645,-122.42187,1212133649
+37.76715,-122.42213,1212133703
+37.77334,-122.42161,1212133829
+37.77939,-122.42176,1212133888
+37.78471,-122.42141,1212133949
+37.78585,-122.41823,1212134007
+37.78919,-122.41668,1212134067
+37.7902,-122.40852,1212134128
+37.79071,-122.40418,1212134188
+37.78986,-122.40383,1212134259
+37.79061,-122.40486,1212134312
+37.79058,-122.40477,1212134371
+37.79061,-122.40479,1212134437
+37.79064,-122.40479,1212134489
+37.79075,-122.40479,1212134572
+37.79074,-122.40479,1212134632
+37.79084,-122.40435,1212134680
+37.79166,-122.39981,1212134738
+37.79,-122.39916,1212134796
+37.78581,-122.39362,1212134856
+37.78174,-122.39849,1212134916
+37.77144,-122.40633,1212134976
+37.75808,-122.40497,1212135029
+37.74971,-122.40534,1212135089
+37.75159,-122.40644,1212135152
+37.75152,-122.40605,1212135212
+37.75152,-122.40604,1212135260
+37.75152,-122.40605,1212135261
+37.75415,-122.40652,1212135328
+37.75613,-122.40773,1212135384
+37.75598,-122.4103,1212135443
+37.75572,-122.41479,1212135504
+37.75553,-122.41869,1212135575
+37.759,-122.42127,1212135624
+37.76023,-122.42141,1212135652
+37.76345,-122.42169,1212135715
+37.7697,-122.42234,1212135780
+37.76981,-122.42411,1212135834
+37.77155,-122.42741,1212135894
+37.77179,-122.43207,1212135957
+37.77413,-122.43254,1212136014
+37.77554,-122.43281,1212136079
+37.77588,-122.4329,1212136113
+37.77588,-122.43289,1212136171
+37.77588,-122.43288,1212136172
+37.77711,-122.43144,1212136217
+37.77876,-122.43174,1212136277
+37.78337,-122.43269,1212136337
+37.78352,-122.43246,1212136353
+37.78452,-122.43034,1212136414
+37.78525,-122.42492,1212136464
+37.78822,-122.42367,1212136524
+37.78929,-122.41585,1212136584
+37.79029,-122.40879,1212136644
+37.79165,-122.4074,1212136704
+37.79202,-122.40764,1212136764
+37.79238,-122.40703,1212136780
+37.79337,-122.40494,1212136849
+37.79804,-122.40733,1212136899
+37.79821,-122.40733,1212136960
+37.79924,-122.40894,1212137020
+37.80268,-122.41343,1212137083
+37.80612,-122.41726,1212137146
+37.80711,-122.41565,1212137206
+37.80801,-122.41727,1212137261
+37.80674,-122.4195,1212137321
+37.80392,-122.41552,1212137381
+37.80126,-122.41159,1212137441
+37.79976,-122.40927,1212137501
+37.79916,-122.40891,1212137562
+37.79731,-122.40611,1212137623
+37.79784,-122.40691,1212137683
+37.79689,-122.40524,1212137743
+37.79476,-122.40098,1212137804
+37.7933,-122.39901,1212137864
+37.79119,-122.39659,1212137934
+37.79085,-122.39647,1212137952
+37.79,-122.39926,1212138012
+37.787,-122.40151,1212138072
+37.78756,-122.40782,1212138133
+37.78704,-122.41127,1212138192
+37.78606,-122.41882,1212138253
+37.78654,-122.41977,1212138312
+37.78692,-122.41945,1212138347
+37.78693,-122.41924,1212138348
+37.7871,-122.41847,1212138386
+37.78799,-122.41129,1212138446
+37.78686,-122.40647,1212138506
+37.78299,-122.40303,1212138566
+37.78259,-122.4035,1212138586
+37.78231,-122.40419,1212138592
+37.78394,-122.40486,1212138653
+37.78612,-122.40221,1212138708
+37.78758,-122.39926,1212138768
+37.7851,-122.39993,1212138831
+37.78683,-122.40259,1212138889
+37.7893,-122.40204,1212138949
+37.7906,-122.40526,1212139011
+37.78912,-122.40952,1212139071
+37.78927,-122.40931,1212139132
+37.78656,-122.41595,1212139193
+37.78644,-122.41627,1212139217
+37.78693,-122.4182,1212139282
+37.78923,-122.41656,1212139337
+37.79023,-122.40863,1212139397
+37.79076,-122.40406,1212139457
+37.79665,-122.40514,1212139518
+37.79689,-122.40526,1212139581
+37.79858,-122.4077,1212139639
+37.79862,-122.40844,1212139699
+37.79861,-122.40841,1212139760
+37.79861,-122.40844,1212139821
+37.7986,-122.40846,1212139866
+37.79868,-122.40831,1212139928
+37.79866,-122.40836,1212139986
+37.79865,-122.40838,1212140000
+37.79808,-122.40701,1212140060
+37.79771,-122.40704,1212140120
+37.79836,-122.40243,1212140180
+37.79726,-122.4008,1212140240
+37.79275,-122.40059,1212140300
+37.79007,-122.39725,1212140371
+37.78674,-122.40032,1212140406
+37.78461,-122.40406,1212140465
+37.78383,-122.40491,1212140505
+37.78155,-122.40812,1212140570
+37.78227,-122.40994,1212140626
+37.78251,-122.4166,1212140685
+37.78202,-122.42055,1212140741
+37.78756,-122.42349,1212140806
+37.79084,-122.42416,1212140827
+37.7942,-122.42481,1212140887
+37.79613,-122.42516,1212140931
+37.79608,-122.42847,1212140989
+37.80049,-122.42943,1212141044
+37.80017,-122.43377,1212141110
+37.79929,-122.44094,1212141164
+37.80042,-122.44305,1212141224
+37.80041,-122.44305,1212141295
+37.80041,-122.44305,1212141345
+37.80024,-122.44296,1212141398
+37.80015,-122.44294,1212141404
+37.80153,-122.43969,1212141484
+37.80221,-122.43842,1212141545
+37.80218,-122.4384,1212141605
+37.80217,-122.43839,1212141666
+37.8023,-122.4383,1212141693
+37.7996,-122.43811,1212141752
+37.79888,-122.44387,1212141812
+37.79892,-122.44485,1212141872
+37.79765,-122.45101,1212141932
+37.794,-122.4486,1212142004
+37.7885,-122.44717,1212142058
+37.7856,-122.44745,1212142118
+37.78322,-122.4535,1212142175
+37.78113,-122.4531,1212142241
+37.78109,-122.45308,1212142261
+37.78108,-122.45306,1212142321
+37.7811,-122.45308,1212142381
+37.78133,-122.45307,1212142401
+37.78224,-122.44773,1212142461
+37.78278,-122.44297,1212142523
+37.7832,-122.43966,1212142582
+37.78446,-122.43286,1212142642
+37.78556,-122.42991,1212142702
+37.78615,-122.42512,1212142762
+37.78707,-122.41832,1212142822
+37.78885,-122.41853,1212142865
+37.78981,-122.41048,1212142925
+37.78723,-122.41133,1212142985
+37.78587,-122.41311,1212143045
+37.78623,-122.40978,1212143105
+37.7832,-122.40911,1212143165
+37.78079,-122.41229,1212143225
+37.77895,-122.41464,1212143286
+37.77884,-122.41506,1212143355
+37.77556,-122.41296,1212143407
+37.77556,-122.41313,1212143468
+37.77555,-122.41313,1212143529
+37.77555,-122.41313,1212143589
+37.77554,-122.41315,1212143649
+37.77553,-122.41313,1212143710
+37.77554,-122.41313,1212143770
+37.77555,-122.41313,1212143831
+37.77557,-122.41314,1212143891
+37.77507,-122.41317,1212143952
+37.77451,-122.41074,1212144013
+37.77786,-122.40917,1212144074
+37.78158,-122.41386,1212144134
+37.78652,-122.41508,1212144196
+37.78577,-122.41967,1212144256
+37.78531,-122.41801,1212144316
+37.78521,-122.41767,1212144376
+37.78523,-122.41771,1212144437
+37.78526,-122.41771,1212144497
+37.78519,-122.41768,1212144608
+37.7852,-122.41762,1212144669
+37.7852,-122.4176,1212144730
+37.78523,-122.41764,1212144790
+37.78522,-122.41757,1212144856
+37.78521,-122.41754,1212144911
+37.78512,-122.41751,1212144971
+37.78519,-122.41757,1212145031
+37.78519,-122.41757,1212145091
+37.78515,-122.41748,1212145151
+37.78506,-122.41748,1212145211
+37.78517,-122.41747,1212145216
+37.78853,-122.41817,1212145269
+37.79249,-122.41902,1212145329
+37.79338,-122.41366,1212145390
+37.79334,-122.4135,1212145458
+37.79333,-122.4135,1212145501
+37.79263,-122.41271,1212145561
+37.79113,-122.41697,1212145623
+37.79104,-122.41711,1212145661
+37.79104,-122.41715,1212145662
+37.79072,-122.41741,1212145704
+37.78923,-122.41698,1212145764
+37.78623,-122.41635,1212145824
+37.78612,-122.41838,1212145866
+37.78611,-122.41837,1212145868
+37.78532,-122.41971,1212145928
+37.78547,-122.41789,1212145988
+37.78548,-122.4179,1212145996
+37.78542,-122.41783,1212146056
+37.78535,-122.41782,1212146117
+37.78544,-122.41785,1212146177
+37.78547,-122.41789,1212146237
+37.78551,-122.41796,1212146297
+37.78637,-122.41656,1212146357
+37.78523,-122.41625,1212146417
+37.78497,-122.41799,1212146477
+37.78718,-122.41681,1212146543
+37.78694,-122.41319,1212146603
+37.7848,-122.41266,1212146658
+37.78387,-122.41248,1212146707
+37.78275,-122.41398,1212146767
+37.78307,-122.41747,1212146832
+37.78685,-122.41821,1212146892
+37.78784,-122.41997,1212146948
+37.78757,-122.42333,1212147008
+37.7863,-122.42478,1212147078
+37.78137,-122.42541,1212147122
+37.78027,-122.43403,1212147184
+37.77875,-122.4403,1212147242
+37.77862,-122.44035,1212147308
+37.77855,-122.43877,1212147325
+37.77854,-122.43877,1212147326
+37.77939,-122.43318,1212147391
+37.78039,-122.42543,1212147446
+37.77703,-122.42318,1212147507
+37.77286,-122.42188,1212147567
+37.76854,-122.42025,1212147629
+37.76853,-122.4203,1212147702
+37.76855,-122.42022,1212147747
+37.76859,-122.42032,1212147807
+37.76862,-122.42034,1212147876
+37.76863,-122.42011,1212147932
+37.76889,-122.41853,1212147987
+37.76751,-122.40554,1212148047
+37.75422,-122.4031,1212148117
+37.74951,-122.40235,1212148165
+37.75035,-122.39339,1212148226
+37.75153,-122.39525,1212148286
+37.75158,-122.39522,1212148346
+37.75162,-122.39529,1212148407
+37.7515,-122.39536,1212148472
+37.75136,-122.39446,1212148527
+37.75153,-122.39359,1212148587
+37.75182,-122.39366,1212148647
+37.75191,-122.39395,1212148707
+37.7519,-122.39395,1212148772
+37.7519,-122.39395,1212148827
+37.75188,-122.39396,1212148887
+37.75189,-122.39393,1212148948
+37.7519,-122.39391,1212149009
+37.75187,-122.39389,1212149069
+37.75188,-122.39389,1212149129
+37.75133,-122.39509,1212157243
+37.75133,-122.39512,1212157302
+37.75143,-122.39517,1212157355
+37.7514,-122.39531,1212157416
+37.75139,-122.39531,1212157475
+37.75147,-122.39527,1212157535
+37.75148,-122.39528,1212157596
+37.75144,-122.39522,1212157655
+37.75162,-122.39526,1212157715
+37.75153,-122.39528,1212157777
+37.75125,-122.3953,1212157809
+37.74969,-122.39776,1212157893
+37.74946,-122.40192,1212157925
+37.74841,-122.41001,1212157981
+37.74832,-122.41241,1212158040
+37.7485,-122.41787,1212158100
+37.74818,-122.41997,1212158167
+37.74715,-122.42301,1212158235
+37.74755,-122.42704,1212158282
+37.75043,-122.42732,1212158356
+37.75171,-122.42855,1212158402
+37.75164,-122.42998,1212158428
+37.75213,-122.43418,1212158487
+37.75599,-122.43454,1212158549
+37.75945,-122.43484,1212158596
+37.76198,-122.4351,1212158662
+37.76388,-122.43352,1212158718
+37.76687,-122.42969,1212158779
+37.7671,-122.42944,1212158839
+37.76963,-122.42623,1212158900
+37.77178,-122.42362,1212158975
+37.7729,-122.42215,1212159020
+37.77511,-122.42094,1212159080
+37.77631,-122.42043,1212159141
+37.77708,-122.41943,1212159188
+37.78192,-122.42054,1212159249
+37.78523,-122.42119,1212159312
+37.78608,-122.41996,1212159379
+37.78782,-122.41854,1212159435
+37.78956,-122.4188,1212159489
+37.79116,-122.41641,1212159555
+37.7916,-122.41443,1212159611
+37.79157,-122.41431,1212159618
+37.7909,-122.41069,1212159677
+37.79013,-122.40855,1212159737
+37.79052,-122.40593,1212159803
+37.79058,-122.40593,1212159850
+37.79055,-122.40593,1212159911
+37.79075,-122.40595,1212160038
+37.78938,-122.40773,1212160088
+37.78874,-122.40854,1212160148
+37.78714,-122.4089,1212160208
+37.78702,-122.41055,1212160269
+37.78674,-122.41297,1212160308
+37.78606,-122.41014,1212160367
+37.78572,-122.40788,1212160427
+37.78564,-122.40626,1212160505
+37.78463,-122.40466,1212160552
+37.78729,-122.4009,1212160608
+37.78915,-122.39872,1212160633
+37.79058,-122.39661,1212160662
+37.79057,-122.3966,1212160669
+37.79213,-122.39569,1212160737
+37.79311,-122.39666,1212160784
+37.79457,-122.39634,1212160844
+37.79419,-122.39865,1212160906
+37.79279,-122.40198,1212160970
+37.79232,-122.40405,1212161025
+37.79245,-122.40581,1212161085
+37.79195,-122.40967,1212161145
+37.79185,-122.40961,1212161149
+37.79253,-122.40558,1212161210
+37.79247,-122.40316,1212161271
+37.79324,-122.40083,1212161333
+37.79541,-122.39732,1212161406
+37.79654,-122.39576,1212161457
+37.79695,-122.39534,1212161501
+37.79696,-122.39534,1212161522
+37.8002,-122.3983,1212161576
+37.80618,-122.41202,1212161701
+37.80624,-122.41675,1212161762
+37.80533,-122.41754,1212161809
+37.80397,-122.41669,1212161867
+37.80395,-122.41668,1212161924
+37.80402,-122.41666,1212161979
+37.80394,-122.41673,1212162044
+37.80394,-122.41674,1212162100
+37.80394,-122.41673,1212162154
+37.80395,-122.41674,1212162186
+37.80393,-122.41671,1212162263
+37.80394,-122.41669,1212162374
+37.80391,-122.41673,1212162433
+37.80206,-122.41629,1212162495
+37.79899,-122.4158,1212162557
+37.79688,-122.41696,1212162618
+37.79847,-122.41758,1212162643
+37.79696,-122.42182,1212162734
+37.79562,-122.42353,1212162798
+37.79479,-122.42363,1212162833
+37.79465,-122.42516,1212162913
+37.79469,-122.42513,1212162993
+37.7946,-122.42507,1212163043
+37.79477,-122.42353,1212163105
+37.7935,-122.41963,1212163223
+37.79093,-122.41821,1212163284
+37.79139,-122.41418,1212163344
+37.79179,-122.41128,1212163404
+37.79193,-122.41039,1212163472
+37.79195,-122.41005,1212163524
+37.79208,-122.40831,1212163584
+37.79254,-122.40508,1212163654
+37.79249,-122.40427,1212163698
+37.79248,-122.40427,1212163704
+37.79242,-122.4042,1212163738
+37.79359,-122.40525,1212163832
+37.79442,-122.40545,1212163882
+37.79504,-122.4055,1212163893
+37.79381,-122.40348,1212163953
+37.78928,-122.402,1212164013
+37.78778,-122.40484,1212164074
+37.78769,-122.40658,1212164138
+37.78757,-122.4075,1212164176
+37.78757,-122.4075,1212164178
+37.7881,-122.41179,1212164298
+37.79176,-122.41153,1212164360
+37.79195,-122.41061,1212164418
+37.79195,-122.41078,1212164478
+37.79193,-122.41079,1212164539
+37.79206,-122.41087,1212164599
+37.79192,-122.41063,1212164659
+37.79198,-122.41079,1212164720
+37.79197,-122.41085,1212164780
+37.79197,-122.41095,1212164841
+37.79192,-122.41089,1212164901
+37.79197,-122.41094,1212164963
+37.79202,-122.41099,1212165024
+37.79192,-122.41092,1212165084
+37.79198,-122.41092,1212165125
+37.79214,-122.41101,1212165185
+37.79217,-122.41104,1212165218
+37.79206,-122.411,1212165273
+37.79207,-122.41101,1212165335
+37.79204,-122.41096,1212165394
+37.79228,-122.41095,1212165456
+37.79219,-122.41097,1212165483
+37.79194,-122.41104,1212165541
+37.79033,-122.41536,1212165599
+37.78983,-122.41719,1212165673
+37.78601,-122.4163,1212165725
+37.78473,-122.4159,1212165786
+37.77834,-122.41427,1212165903
+37.77646,-122.41178,1212165963
+37.77512,-122.41023,1212166034
+37.77137,-122.40546,1212166083
+37.77412,-122.40184,1212166143
+37.76738,-122.39588,1212166212
+37.75399,-122.39178,1212166258
+37.74161,-122.39814,1212166313
+37.71186,-122.39589,1212166480
+37.70101,-122.39342,1212166540
+37.67463,-122.38951,1212166639
+37.63765,-122.40485,1212166783
+37.62436,-122.40163,1212166847
+37.61507,-122.39012,1212166960
+37.6162,-122.38615,1212172775
+37.61487,-122.39009,1212173616
+37.61602,-122.39084,1212173642
+37.62128,-122.39962,1212173710
+37.65285,-122.40687,1212173828
+37.67582,-122.3888,1212173932
+37.68906,-122.39056,1212173986
+37.70268,-122.39359,1212174021
+37.71566,-122.39828,1212174057
+37.72888,-122.40285,1212174122
+37.74206,-122.39784,1212174177
+37.7547,-122.39183,1212174218
+37.76768,-122.39593,1212174264
+37.77736,-122.39248,1212174318
+37.78461,-122.39965,1212174440
+37.78688,-122.40256,1212174498
+37.78718,-122.40371,1212174558
+37.78734,-122.40663,1212174619
+37.78726,-122.40908,1212174684
+37.78708,-122.41195,1212174729
+37.78715,-122.41195,1212174739
+37.7866,-122.41293,1212174803
+37.7875,-122.41474,1212174852
+37.79115,-122.41559,1212174912
+37.79158,-122.41262,1212174956
+37.7903,-122.41393,1212175016
+37.78989,-122.41772,1212175076
+37.78896,-122.42515,1212175136
+37.78735,-122.42502,1212175202
+37.78211,-122.42407,1212175257
+37.7806,-122.42382,1212175325
+37.7794,-122.42354,1212175382
+37.77897,-122.42341,1212175444
+37.77852,-122.42335,1212175503
+37.77804,-122.42326,1212175562
+37.777,-122.42319,1212175630
+37.77699,-122.4232,1212175656
+37.777,-122.42319,1212175677
+37.77421,-122.42108,1212175718
+37.77437,-122.42022,1212175784
+37.77532,-122.41911,1212175838
+37.77696,-122.41679,1212175899
+37.78025,-122.41275,1212175961
+37.78182,-122.41063,1212176034
+37.78218,-122.40998,1212176096
+37.78119,-122.41161,1212176146
+37.77963,-122.41359,1212176206
+37.77815,-122.4158,1212176269
+37.7774,-122.41891,1212176322
+37.77715,-122.42057,1212176382
+37.77679,-122.42275,1212176444
+37.77669,-122.4243,1212176506
+37.77669,-122.42444,1212176529
+37.77728,-122.42639,1212176590
+37.77775,-122.42646,1212176633
+37.77774,-122.42646,1212176703
+37.77899,-122.42674,1212176792
+37.77988,-122.42227,1212176911
+37.78038,-122.41793,1212176978
+37.78161,-122.41574,1212177031
+37.7802,-122.41614,1212177096
+37.78394,-122.41759,1212177151
+37.78574,-122.41358,1212177220
+37.78568,-122.41021,1212177277
+37.78487,-122.41115,1212177333
+37.78568,-122.41159,1212177393
+37.79053,-122.41217,1212177454
+37.79197,-122.41081,1212177515
+37.79177,-122.41087,1212177574
+37.79196,-122.41087,1212177634
+37.79216,-122.4108,1212177694
+37.79202,-122.41073,1212177754
+37.792,-122.41087,1212177814
+37.79197,-122.41083,1212177875
+37.79208,-122.4108,1212177935
+37.79211,-122.41081,1212177996
+37.79219,-122.41096,1212178056
+37.79216,-122.41089,1212178118
+37.79214,-122.41087,1212178120
+37.79253,-122.41288,1212178186
+37.79066,-122.41399,1212178240
+37.7877,-122.4134,1212178300
+37.79819,-122.40492,1212178305
+37.78451,-122.41575,1212178360
+37.78432,-122.41778,1212178420
+37.78394,-122.42064,1212178480
+37.78395,-122.42101,1212178507
+37.78662,-122.42153,1212178565
+37.78671,-122.42153,1212178574
+37.78741,-122.42172,1212178639
+37.78874,-122.41693,1212178767
+37.78712,-122.4166,1212178824
+37.78584,-122.41618,1212178875
+37.78229,-122.41566,1212178936
+37.77765,-122.41337,1212179003
+37.77293,-122.40748,1212179061
+37.77139,-122.4053,1212179117
+37.77256,-122.39867,1212179187
+37.76008,-122.39249,1212179229
+37.74663,-122.39396,1212179280
+37.73588,-122.40429,1212179320
+37.72904,-122.40326,1212179355
+37.68949,-122.39082,1212179499
+37.63951,-122.40581,1212179682
+37.63415,-122.41785,1212179737
+37.63481,-122.41991,1212179802
+37.63749,-122.42028,1212179857
+37.63981,-122.42196,1212180529
+37.6398,-122.42195,1212180675
+37.6398,-122.42197,1212180741
+37.63981,-122.422,1212180926
+37.6398,-122.42199,1212182500
+37.63982,-122.42198,1212182785
+37.63963,-122.42099,1212183008
+37.63964,-122.42098,1212183062
+37.63963,-122.42098,1212183127
+37.63734,-122.42179,1212183361
+37.63302,-122.41938,1212183487
+37.62489,-122.40156,1212183613
+37.60087,-122.38352,1212183850
+37.60557,-122.39612,1212183980
+37.61066,-122.40155,1212184046
+37.61065,-122.40155,1212184061
+37.61065,-122.40155,1212184101
+37.61065,-122.40155,1212184179
+37.61065,-122.40155,1212184239
+37.61065,-122.40156,1212184299
+37.61067,-122.40155,1212184359
+37.61143,-122.40236,1212184408
+37.61203,-122.40294,1212184410
+37.61206,-122.40292,1212184471
+37.61205,-122.40295,1212184530
+37.61204,-122.40295,1212184590
+37.61208,-122.40293,1212184650
+37.61206,-122.4029,1212184720
+37.61207,-122.40291,1212184770
+37.61201,-122.40291,1212184840
+37.61202,-122.40293,1212184891
+37.61385,-122.40479,1212184951
+37.61945,-122.40996,1212185011
+37.62299,-122.41251,1212185071
+37.62453,-122.4136,1212185097
+37.62818,-122.416,1212185157
+37.63006,-122.41722,1212185218
+37.63357,-122.40873,1212185278
+37.62256,-122.40092,1212185339
+37.61779,-122.39862,1212185997
+37.64406,-122.40613,1212186098
+37.65752,-122.40583,1212186161
+37.68029,-122.38857,1212186255
+37.69349,-122.39152,1212186306
+37.70692,-122.39456,1212186355
+37.72019,-122.39971,1212186403
+37.73413,-122.40494,1212186459
+37.74484,-122.39505,1212186509
+37.75812,-122.39228,1212186565
+37.77057,-122.39781,1212186625
+37.77368,-122.39723,1212186685
+37.77505,-122.39545,1212186745
+37.77639,-122.39379,1212186806
+37.78121,-122.39573,1212186866
+37.78341,-122.3985,1212186927
+37.78619,-122.40198,1212186988
+37.78737,-122.40311,1212187049
+37.78867,-122.40279,1212187110
+37.78867,-122.40243,1212187170
+37.78828,-122.40171,1212187230
+37.78823,-122.40171,1212187240
+37.78828,-122.40172,1212187249
+37.78863,-122.40176,1212187309
+37.7863,-122.40217,1212187370
+37.78339,-122.40516,1212187425
+37.78382,-122.40776,1212187460
+37.78503,-122.40925,1212187522
+37.78453,-122.4107,1212187543
+37.78465,-122.41479,1212187603
+37.78463,-122.41479,1212187663
+37.78467,-122.41485,1212187719
+37.78421,-122.41733,1212187779
+37.78707,-122.41832,1212187867
+37.78944,-122.41507,1212187935
+37.79005,-122.41006,1212187995
+37.79083,-122.40444,1212188055
+37.79103,-122.40107,1212188116
+37.79163,-122.40058,1212188169
+37.79153,-122.40023,1212188171
+37.79178,-122.39883,1212188231
+37.79164,-122.39829,1212188291
+37.79265,-122.39783,1212188304
+37.79343,-122.39646,1212188364
+37.79237,-122.39788,1212188424
+37.79098,-122.40541,1212188484
+37.79153,-122.41374,1212188553
+37.79031,-122.424,1212188747
+37.79765,-122.43054,1212188957
+37.79806,-122.42747,1212188994
+37.79646,-122.43034,1212189064
+37.79338,-122.42964,1212189114
+37.79115,-122.42925,1212189155
+37.78873,-122.42878,1212189215
+37.78569,-122.42926,1212189276
+37.78562,-122.42897,1212189336
+37.78562,-122.42897,1212189397
+37.78558,-122.42897,1212189457
+37.7856,-122.42896,1212189523
+37.78557,-122.42895,1212189563
+37.78567,-122.42838,1212189564
+37.78315,-122.4277,1212189659
+37.78082,-122.43276,1212189755
+37.7812,-122.43278,1212189775
+37.78114,-122.43533,1212189842
+37.77711,-122.43665,1212189938
+37.77659,-122.44039,1212189998
+37.77595,-122.4457,1212190059
+37.77597,-122.4457,1212190082
+37.77598,-122.4457,1212190083
+37.77616,-122.44651,1212190113
+37.7779,-122.44497,1212190159
+37.7789,-122.43712,1212190231
+37.77976,-122.43001,1212190285
+37.7807,-122.4226,1212190337
+37.78097,-122.4211,1212190397
+37.7811,-122.41918,1212190458
+37.78131,-122.41739,1212190518
+37.77979,-122.41546,1212190583
+37.7785,-122.41454,1212190655
+37.7777,-122.41368,1212190699
+37.77625,-122.41203,1212190762
+37.77511,-122.41041,1212190826
+37.77155,-122.40498,1212190937
+37.77456,-122.40115,1212190997
+37.76456,-122.39323,1212191058
+37.75289,-122.39277,1212191118
+37.75125,-122.39343,1212191180
+37.75167,-122.39528,1212191249
+37.75146,-122.39533,1212191367
+37.74987,-122.39056,1212197860
+37.7522,-122.38763,1212197897
+37.75513,-122.38792,1212197937
+37.7604,-122.38852,1212197998
+37.76675,-122.38905,1212198058
+37.76667,-122.39447,1212198118
+37.76991,-122.39925,1212198155
+37.77295,-122.40309,1212198236
+37.77151,-122.40752,1212198361
+37.77063,-122.40638,1212198491
+37.77258,-122.41027,1212198551
+37.77598,-122.41452,1212198612
+37.77724,-122.41859,1212198678
+37.77748,-122.42148,1212198737
+37.78174,-122.42283,1212198797
+37.78139,-122.42571,1212198855
+37.78025,-122.43432,1212198919
+37.77926,-122.44248,1212198991
+37.7782,-122.45067,1212199045
+37.77792,-122.45304,1212199107
+37.77745,-122.46031,1212199165
+37.77733,-122.46291,1212199220
+37.77709,-122.46769,1212199275
+37.77943,-122.4706,1212199335
+37.78067,-122.47004,1212199396
+37.78067,-122.47003,1212199467
+37.78067,-122.47003,1212199494
+37.78077,-122.4686,1212199497
+37.78077,-122.46769,1212199532
+37.77707,-122.46815,1212199630
+37.77391,-122.46804,1212199691
+37.77429,-122.46809,1212199795
+37.77916,-122.46841,1212199841
+37.78099,-122.46304,1212199897
+37.78111,-122.4602,1212199912
+37.78129,-122.4566,1212199972
+37.78206,-122.45023,1212200038
+37.78322,-122.44021,1212200093
+37.78441,-122.43215,1212200163
+37.78525,-122.42536,1212200214
+37.78471,-122.42342,1212200283
+37.79121,-122.42415,1212200396
+37.79561,-122.42407,1212200456
+37.79588,-122.42172,1212200521
+37.79631,-122.41791,1212200577
+37.79771,-122.40795,1212200636
+37.79798,-122.40602,1212200701
+37.79854,-122.40142,1212200741
+37.79878,-122.39903,1212200801
+37.79912,-122.39785,1212200861
+37.79688,-122.39585,1212200921
+37.79589,-122.39498,1212200981
+37.79496,-122.39434,1212201041
+37.79364,-122.39277,1212201102
+37.79365,-122.39278,1212201107
+37.79201,-122.39231,1212201160
+37.78955,-122.39373,1212201212
+37.78708,-122.39219,1212201272
+37.78704,-122.39231,1212201332
+37.7897,-122.39049,1212201439
+37.78826,-122.39148,1212201504
+37.7866,-122.39268,1212201559
+37.78671,-122.39261,1212201584
+37.79047,-122.39337,1212201644
+37.79017,-122.39413,1212201672
+37.7862,-122.39923,1212201740
+37.78343,-122.40253,1212201791
+37.78232,-122.40401,1212201855
+37.78224,-122.40399,1212201878
+37.78222,-122.40394,1212201885
+37.77985,-122.40694,1212201988
+37.77614,-122.40567,1212202050
+37.77841,-122.41,1212202110
+37.77847,-122.41004,1212202171
+37.77853,-122.41009,1212202200
+37.78078,-122.40866,1212202261
+37.77795,-122.40488,1212202344
+37.77446,-122.40079,1212202404
+37.76419,-122.39308,1212202464
+37.7508,-122.39192,1212202519
+37.73915,-122.40034,1212202571
+37.7261,-122.40223,1212202631
+37.71322,-122.39664,1212202684
+37.70006,-122.39322,1212202723
+37.68681,-122.39023,1212202769
+37.67325,-122.39017,1212202818
+37.66282,-122.40066,1212202867
+37.65037,-122.4069,1212202922
+37.6371,-122.40463,1212202971
+37.62363,-122.40134,1212203027
+37.61425,-122.39378,1212203087
+37.61531,-122.38467,1212203152
+37.61782,-122.3865,1212203207
+37.61794,-122.38657,1212203267
+37.61769,-122.38712,1212203287
+37.61454,-122.39229,1212203346
+37.61571,-122.38785,1212203410
+37.61642,-122.38592,1212203470
+37.61642,-122.38592,1212203531
+37.61637,-122.38594,1212203591
+37.6164,-122.38593,1212203651
+37.61642,-122.3859,1212203711
+37.61641,-122.38591,1212203771
+37.61635,-122.38597,1212203832
+37.6164,-122.38591,1212203892
+37.61638,-122.38593,1212203957
+37.61642,-122.3859,1212204014
+37.61746,-122.38495,1212204914
+37.61538,-122.39164,1212204974
+37.61417,-122.39278,1212205021
+37.61481,-122.39013,1212205080
+37.61498,-122.39015,1212205145
+37.61498,-122.39015,1212205193
+37.61495,-122.39483,1212205254
+37.60745,-122.38821,1212205314
+37.59915,-122.37547,1212205379
+37.59103,-122.3632,1212205429
+37.59173,-122.36301,1212205484
+37.60021,-122.37661,1212205542
+37.60851,-122.38939,1212205587
+37.61945,-122.39924,1212205641
+37.63287,-122.40262,1212205694
+37.63319,-122.41889,1212205760
+37.62615,-122.43076,1212205811
+37.61349,-122.42519,1212205864
+37.59995,-122.42417,1212205919
+37.58993,-122.41338,1212205966
+37.57895,-122.40309,1212206011
+37.56764,-122.39396,1212206058
+37.55837,-122.38147,1212206101
+37.5468,-122.37224,1212206149
+37.53515,-122.36302,1212206188
+37.52252,-122.35584,1212206238
+37.51182,-122.34631,1212206280
+37.49917,-122.31768,1212206362
+37.49335,-122.30278,1212206420
+37.48031,-122.29948,1212206450
+37.46803,-122.2922,1212206501
+37.45542,-122.28667,1212206541
+37.44686,-122.27385,1212206593
+37.43573,-122.24389,1212206675
+37.41873,-122.21815,1212206756
+37.41186,-122.20363,1212206806
+37.40613,-122.18877,1212206846
+37.39562,-122.17834,1212206900
+37.3897,-122.16368,1212206936
+37.38054,-122.15146,1212206990
+37.36966,-122.14166,1212207039
+37.36448,-122.12598,1212207096
+37.35522,-122.11377,1212207139
+37.34699,-122.10075,1212207192
+37.33932,-122.08718,1212207231
+37.33366,-122.07206,1212207281
+37.33244,-122.05494,1212207336
+37.33414,-122.03822,1212207398
+37.3299,-122.03239,1212207455
+37.32217,-122.03236,1212207510
+37.31965,-122.03233,1212207582
+37.32179,-122.03161,1212207634
+37.32173,-122.03157,1212207798
+37.32178,-122.03159,1212207807
+37.32179,-122.03154,1212207891
+37.32171,-122.03148,1212207917
+37.32171,-122.03154,1212207923
+37.32174,-122.032,1212207928
+37.32174,-122.03203,1212207929
+37.32292,-122.03213,1212207995
+37.32995,-122.03215,1212208064
+37.33341,-122.03215,1212208111
+37.33341,-122.03215,1212208128
+37.33503,-122.0324,1212208150
+37.3342,-122.04753,1212208201
+37.33379,-122.06395,1212208269
+37.33519,-122.08025,1212208315
+37.34363,-122.09369,1212208362
+37.35221,-122.10628,1212208406
+37.36632,-122.13497,1212208510
+37.37551,-122.14677,1212208571
+37.38747,-122.15462,1212208609
+37.39222,-122.16993,1212208658
+37.40052,-122.18272,1212208707
+37.40934,-122.19504,1212208759
+37.41548,-122.21026,1212208801
+37.42168,-122.22489,1212208850
+37.43059,-122.2372,1212208895
+37.44021,-122.24896,1212208944
+37.44384,-122.2647,1212208995
+37.45097,-122.27952,1212209048
+37.4613,-122.29055,1212209098
+37.47357,-122.29689,1212209149
+37.48705,-122.29807,1212209203
+37.49636,-122.31126,1212209255
+37.50116,-122.32706,1212209297
+37.50116,-122.32706,1212209312
+37.50876,-122.34118,1212209352
+37.51849,-122.35281,1212209396
+37.53021,-122.3604,1212209444
+37.54269,-122.36727,1212209492
+37.55339,-122.37776,1212209538
+37.56453,-122.38717,1212209589
+37.57132,-122.39729,1212209616
+37.58303,-122.40512,1212209666
+37.59319,-122.41624,1212209707
+37.60355,-122.42722,1212209755
+37.61691,-122.42404,1212209805
+37.62979,-122.42574,1212209865
+37.63362,-122.40976,1212209921
+37.62542,-122.40198,1212209997
+37.61382,-122.39626,1212210041
+37.61549,-122.38758,1212210102
+37.61651,-122.38638,1212210166
+37.61651,-122.38638,1212210220
+37.61652,-122.38639,1212210291
+37.61644,-122.38635,1212210350
+37.61655,-122.38642,1212210406
+37.61651,-122.3864,1212210462
+37.6164,-122.38632,1212210522
+37.61644,-122.38634,1212210583
+37.61625,-122.38612,1212210643
+37.61624,-122.3861,1212210703
+37.61626,-122.38611,1212210764
+37.61613,-122.38824,1212212369
+37.61434,-122.39531,1212212419
+37.62691,-122.40182,1212212475
+37.64,-122.40551,1212212523
+37.6535,-122.40698,1212212581
+37.66492,-122.39746,1212212628
+37.67627,-122.38859,1212212667
+37.68989,-122.3907,1212212718
+37.7031,-122.39364,1212212770
+37.71616,-122.39853,1212212819
+37.72933,-122.40309,1212212871
+37.74197,-122.39793,1212212928
+37.75437,-122.39167,1212212982
+37.76749,-122.39563,1212213039
+37.77657,-122.3935,1212213099
+37.7797,-122.39397,1212213159
+37.78246,-122.39721,1212213219
+37.78374,-122.39901,1212213279
+37.78365,-122.39897,1212213301
+37.78482,-122.40065,1212213388
+37.7849,-122.4007,1212213400
+37.78179,-122.40421,1212213493
+37.77724,-122.41045,1212213544
+37.77316,-122.41561,1212213604
+37.77434,-122.41703,1212213664
+37.77346,-122.4184,1212213735
+37.77003,-122.421,1212213786
+37.76749,-122.42446,1212213845
+37.76426,-122.42413,1212213909
+37.76011,-122.42379,1212213965
+37.75699,-122.42349,1212214025
+37.75165,-122.42292,1212214085
+37.74885,-122.42268,1212214148
+37.7427,-122.42324,1212214205
+37.73959,-122.42559,1212214267
+37.73592,-122.42986,1212214328
+37.73549,-122.43044,1212214395
+37.73524,-122.43076,1212214408
+37.73739,-122.4275,1212214457
+37.73983,-122.42552,1212214512
+37.73983,-122.42472,1212214567
+37.7398,-122.42371,1212214633
+37.742,-122.42163,1212214669
+37.74156,-122.42049,1212214725
+37.74155,-122.42044,1212214771
+37.74103,-122.42266,1212214831
+37.73853,-122.42471,1212214896
+37.73123,-122.43685,1212214951
+37.72306,-122.44809,1212215012
+37.7216,-122.45047,1212215076
+37.71993,-122.45312,1212215132
+37.71909,-122.45319,1212215171
+37.71909,-122.45319,1212215173
+37.72183,-122.45426,1212215254
+37.72185,-122.4591,1212215319
+37.7217,-122.46481,1212215380
+37.72331,-122.46379,1212215434
+37.72344,-122.46711,1212215479
+37.72559,-122.46941,1212215547
+37.7258,-122.46892,1212215629
+37.72578,-122.46895,1212215698
+37.72579,-122.46894,1212215742
+37.72579,-122.46894,1212215775
+37.72572,-122.46895,1212215826
+37.72565,-122.46882,1212215848
+37.72563,-122.46836,1212215854
+37.72266,-122.46506,1212215938
+37.72168,-122.46786,1212215998
+37.7218,-122.47223,1212216058
+37.72667,-122.47206,1212216104
+37.72691,-122.47386,1212216165
+37.72703,-122.47679,1212216225
+37.72778,-122.4797,1212216286
+37.72607,-122.47797,1212216346
+37.72607,-122.4778,1212216407
+37.72605,-122.47785,1212216467
+37.72608,-122.47782,1212216529
+37.72606,-122.47783,1212216590
+37.72604,-122.47788,1212216617
+37.72601,-122.47812,1212216654
+37.72779,-122.47955,1212216773
+37.7272,-122.48017,1212216833
+37.72604,-122.47941,1212216894
+37.72603,-122.47926,1212216917
+37.72603,-122.47928,1212216974
+37.72602,-122.47931,1212217035
+37.72595,-122.47933,1212217096
+37.726,-122.47936,1212217156
+37.72595,-122.47921,1212217305
+37.72823,-122.47876,1212217314
+37.72972,-122.48667,1212217374
+37.73179,-122.49363,1212217434
+37.73763,-122.49407,1212217494
+37.7388,-122.48728,1212217556
+37.74111,-122.48522,1212217626
+37.74749,-122.48567,1212217676
+37.74813,-122.48761,1212217742
+37.74449,-122.48549,1212217796
+37.73909,-122.48512,1212217856
+37.7395,-122.48511,1212217879
+37.7395,-122.48511,1212217890
+37.74268,-122.4835,1212217940
+37.74282,-122.47957,1212217986
+37.74417,-122.47564,1212218046
+37.74823,-122.47592,1212218106
+37.75658,-122.47649,1212218166
+37.75921,-122.47579,1212218220
+37.75788,-122.47986,1212218276
+37.75937,-122.48326,1212218346
+37.75944,-122.4833,1212218482
+37.75941,-122.48329,1212218530
+37.76659,-122.47747,1212218710
+37.77245,-122.47396,1212218788
+37.77347,-122.46499,1212218835
+37.77489,-122.45345,1212218950
+37.77618,-122.44898,1212219010
+37.77626,-122.44901,1212219071
+37.77559,-122.44828,1212219152
+37.77588,-122.44571,1212219159
+37.77619,-122.44326,1212219221
+37.77618,-122.44325,1212219281
+37.77617,-122.44324,1212219340
+37.77682,-122.43848,1212219400
+37.78136,-122.43905,1212219460
+37.78352,-122.4395,1212219520
+37.78467,-122.43972,1212219541
+37.78699,-122.44021,1212219597
+37.78839,-122.43803,1212219656
+37.78812,-122.43375,1212219728
+37.78553,-122.4332,1212219760
+37.78503,-122.43311,1212219794
+37.78474,-122.43606,1212219851
+37.78511,-122.4399,1212219907
+37.78856,-122.44047,1212219978
+37.79324,-122.44141,1212220028
+37.7971,-122.44225,1212220089
+37.7981,-122.44287,1212220148
+37.7981,-122.44287,1212220165
+37.80002,-122.44256,1212220231
+37.80032,-122.43994,1212220289
+37.80068,-122.43727,1212220349
+37.80071,-122.43734,1212220373
+37.80074,-122.43718,1212220377
+37.80361,-122.43832,1212220437
+37.80566,-122.44214,1212220497
+37.80542,-122.44571,1212220557
+37.80359,-122.45364,1212220623
+37.80325,-122.46932,1212220677
+37.81204,-122.47755,1212220737
+37.82553,-122.47917,1212220801
+37.83763,-122.48593,1212220857
+37.85051,-122.48976,1212220920
+37.86005,-122.5014,1212220972
+37.87266,-122.50739,1212221028
+37.87748,-122.5126,1212221055
+37.89042,-122.51649,1212221115
+37.90221,-122.51433,1212221175
+37.90388,-122.52226,1212221242
+37.90087,-122.53049,1212221295
+37.90323,-122.53241,1212221356
+37.90348,-122.53497,1212221422
+37.90206,-122.53626,1212221462
+37.90055,-122.53573,1212221526
+37.90074,-122.5359,1212221557
+37.9017,-122.53631,1212221560
+37.90379,-122.53838,1212221621
+37.90587,-122.54503,1212221686
+37.90548,-122.54943,1212221741
+37.90636,-122.55448,1212221801
+37.90638,-122.55456,1212221861
+37.90554,-122.54926,1212221921
+37.90333,-122.54402,1212221990
+37.8984,-122.53824,1212222046
+37.89427,-122.53294,1212222101
+37.88942,-122.5253,1212222161
+37.88243,-122.52485,1212222221
+37.88077,-122.52084,1212222281
+37.87709,-122.51248,1212222342
+37.86533,-122.50719,1212222413
+37.85635,-122.49566,1212222467
+37.84763,-122.48837,1212222516
+37.8362,-122.48509,1212222575
+37.8259,-122.47934,1212222632
+37.81458,-122.47804,1212222692
+37.80633,-122.47483,1212222753
+37.80164,-122.46256,1212222814
+37.80148,-122.44874,1212222875
+37.799,-122.44266,1212222935
+37.80039,-122.43963,1212223003
+37.80025,-122.43944,1212223014
+37.79975,-122.43667,1212223075
+37.79968,-122.43099,1212223135
+37.79996,-122.43264,1212223196
+37.79997,-122.43267,1212223261
+37.80019,-122.43264,1212223320
+37.80007,-122.42435,1212223380
+37.79914,-122.4208,1212223435
+37.7994,-122.41756,1212223495
+37.80022,-122.41109,1212223555
+37.79933,-122.41027,1212223616
+37.79939,-122.41016,1212223642
+37.79943,-122.40987,1212223648
+37.79941,-122.40919,1212223708
+37.79905,-122.40834,1212223773
+37.79802,-122.40701,1212223829
+37.79779,-122.40665,1212223854
+37.79778,-122.40659,1212223858
+37.79576,-122.40367,1212223918
+37.79323,-122.40756,1212223978
+37.79349,-122.41005,1212224038
+37.79255,-122.41354,1212224098
+37.79184,-122.41801,1212224159
+37.79151,-122.42088,1212224218
+37.79116,-122.42426,1212224278
+37.79082,-122.42677,1212224339
+37.78966,-122.42894,1212224400
+37.7884,-122.43022,1212224460
+37.78754,-122.43697,1212224521
+37.78661,-122.44416,1212224585
+37.78276,-122.4472,1212224642
+37.78035,-122.44742,1212224707
+37.77435,-122.44625,1212224762
+37.77245,-122.45034,1212224822
+37.76802,-122.45608,1212224882
+37.76626,-122.46209,1212224951
+37.76597,-122.46676,1212225002
+37.76548,-122.47708,1212225076
+37.76173,-122.4792,1212225122
+37.76163,-122.47937,1212225253
+37.76217,-122.48239,1212225317
+37.76314,-122.48246,1212225324
+37.76334,-122.4813,1212225378
+37.76351,-122.47747,1212225439
+37.76367,-122.47391,1212225499
+37.76367,-122.47391,1212225514
+37.76388,-122.46946,1212225559
+37.76389,-122.46921,1212225619
+37.76411,-122.46417,1212225679
+37.76257,-122.461,1212225739
+37.76405,-122.45594,1212225799
+37.76483,-122.4526,1212225864
+37.76933,-122.45202,1212225920
+37.77002,-122.44657,1212225983
+37.77243,-122.44305,1212226042
+37.77387,-122.43752,1212226100
+37.77378,-122.43744,1212226184
+37.7738,-122.4374,1212226247
+37.77378,-122.43744,1212226307
+37.77381,-122.43736,1212226367
+37.77379,-122.43735,1212226422
+37.77382,-122.4376,1212226491
+37.77672,-122.43812,1212226531
+37.77752,-122.44065,1212226645
+37.7775,-122.44058,1212226684
+37.77902,-122.44425,1212226744
+37.77789,-122.45316,1212226804
+37.77727,-122.45836,1212226864
+37.78104,-122.45886,1212226924
+37.78104,-122.45886,1212226944
+37.78129,-122.45971,1212226965
+37.78095,-122.46731,1212227025
+37.78079,-122.47099,1212227085
+37.78073,-122.47221,1212227145
+37.78031,-122.48146,1212227205
+37.78004,-122.48759,1212227266
+37.78035,-122.49226,1212227331
+37.78034,-122.49228,1212227348
+37.78032,-122.4923,1212227349
+37.77994,-122.49228,1212227409
+37.78004,-122.48417,1212227469
+37.78045,-122.47546,1212227535
+37.78057,-122.47255,1212227589
+37.78051,-122.47242,1212227618
+37.77703,-122.47214,1212227679
+37.77257,-122.47436,1212227739
+37.76657,-122.47769,1212227799
+37.76172,-122.47736,1212227860
+37.76171,-122.47736,1212227871
+37.76353,-122.47744,1212227931
+37.76832,-122.47829,1212227996
+37.77092,-122.47931,1212228021
+37.77263,-122.48389,1212228103
+37.77232,-122.49018,1212228163
+37.77228,-122.4992,1212228228
+37.77242,-122.49915,1212228283
+37.7726,-122.49921,1212228328
+37.77203,-122.49557,1212228388
+37.77253,-122.4845,1212228448
+37.7704,-122.47909,1212228511
+37.76386,-122.47722,1212228553
+37.75653,-122.47668,1212228613
+37.74819,-122.47615,1212228673
+37.74002,-122.47556,1212228737
+37.73937,-122.47965,1212228793
+37.73951,-122.4797,1212228829
+37.73962,-122.47971,1212228831
+37.74285,-122.47959,1212228891
+37.74303,-122.47591,1212228956
+37.74312,-122.47603,1212229013
+37.74281,-122.48305,1212229057
+37.74251,-122.48995,1212229123
+37.74229,-122.49469,1212229178
+37.74194,-122.50235,1212229243
+37.74247,-122.50566,1212229341
+37.7435,-122.50477,1212229383
+37.74247,-122.50469,1212229395
+37.74194,-122.50045,1212229455
+37.74214,-122.49494,1212229516
+37.74237,-122.4903,1212229581
+37.74258,-122.48541,1212229636
+37.74282,-122.47998,1212229696
+37.743,-122.47589,1212229756
+37.74104,-122.4756,1212229816
+37.73664,-122.47536,1212229877
+37.72737,-122.47503,1212229938
+37.72077,-122.4758,1212229999
+37.7265,-122.47473,1212230059
+37.7309,-122.47479,1212230119
+37.73873,-122.47525,1212230184
+37.74396,-122.47561,1212230240
+37.74746,-122.47585,1212230265
+37.75566,-122.47642,1212230325
+37.76387,-122.4771,1212230385
+37.76553,-122.47678,1212230435
+37.76497,-122.48851,1212230495
+37.76172,-122.49315,1212230634
+37.7612,-122.48747,1212230691
+37.7615,-122.48035,1212230741
+37.76,-122.47688,1212230802
+37.75279,-122.47639,1212230862
+37.74648,-122.47592,1212230922
+37.73825,-122.47537,1212230986
+37.7349,-122.47513,1212231042
+37.73449,-122.47195,1212231102
+37.73022,-122.46994,1212231162
+37.72572,-122.46344,1212231222
+37.72427,-122.45808,1212231282
+37.72347,-122.45435,1212231343
+37.72204,-122.45409,1212231403
+37.72204,-122.45409,1212231463
+37.7218,-122.45411,1212231520
+37.72183,-122.45407,1212231521
+37.72292,-122.44963,1212231581
+37.72851,-122.44292,1212231639
+37.73154,-122.42694,1212231695
+37.73372,-122.41067,1212231752
+37.7401,-122.39943,1212231812
+37.74972,-122.39225,1212231872
+37.75136,-122.39344,1212231932
+37.75172,-122.39526,1212231992
+37.75158,-122.39525,1212232062
+37.75155,-122.39527,1212232113
+37.7514,-122.39531,1212232173
+37.75141,-122.39525,1212232233
+37.75124,-122.3951,1212232303
+37.75166,-122.39491,1212232353
+37.75162,-122.3949,1212232413
+37.7516,-122.39489,1212232473
+37.75163,-122.39489,1212232533
+37.75185,-122.39472,1212232593
+37.74955,-122.40295,1212243463
+37.75741,-122.40387,1212243523
+37.77135,-122.40871,1212243610
+37.77737,-122.416,1212243671
+37.77841,-122.4198,1212243730
+37.78281,-122.42071,1212243791
+37.78679,-122.42165,1212243857
+37.78941,-122.42218,1212243916
+37.78962,-122.42275,1212243971
+37.78968,-122.42275,1212244031
+37.78976,-122.4228,1212244091
+37.78973,-122.42288,1212244156
+37.78904,-122.42528,1212244215
+37.78924,-122.42199,1212244273
+37.7896,-122.42213,1212244294
+37.78937,-122.42212,1212244355
+37.78962,-122.42208,1212244414
+37.78956,-122.42211,1212244475
+37.78956,-122.42209,1212244535
+37.78949,-122.4221,1212244595
+37.78961,-122.42214,1212244655
+37.78965,-122.42205,1212244713
+37.78961,-122.42203,1212244773
+37.7896,-122.42201,1212244834
+37.7896,-122.42201,1212244854
+37.7896,-122.42202,1212244856
+37.78946,-122.42217,1212244920
+37.78948,-122.42218,1212244981
+37.7896,-122.42206,1212245034
+37.79125,-122.42261,1212245116
+37.79089,-122.4257,1212245176
+37.79228,-122.42946,1212245242
+37.79304,-122.43039,1212245296
+37.79306,-122.4304,1212245357
+37.79308,-122.4304,1212245377
+37.79138,-122.43102,1212245437
+37.7885,-122.43041,1212245497
+37.78797,-122.42605,1212245558
+37.78858,-122.42133,1212245618
+37.78963,-122.41355,1212245689
+37.7885,-122.41031,1212245750
+37.78713,-122.40971,1212245805
+37.78438,-122.40846,1212245865
+37.78429,-122.40847,1212245878
+37.78434,-122.40867,1212245923
+37.78434,-122.40866,1212245924
+37.78619,-122.4078,1212245984
+37.78825,-122.4085,1212246044
+37.7888,-122.40954,1212246074
+37.78716,-122.40933,1212246129
+37.78783,-122.40817,1212246189
+37.78737,-122.40885,1212246250
+37.78855,-122.41176,1212246310
+37.79174,-122.4114,1212246370
+37.79166,-122.41097,1212246410
+37.79187,-122.40981,1212246472
+37.79188,-122.40982,1212246532
+37.79177,-122.41126,1212246592
+37.79154,-122.41337,1212246632
+37.79124,-122.41551,1212246656
+37.79069,-122.41967,1212246699
+37.79005,-122.42493,1212246759
+37.78973,-122.42775,1212246788
+37.78455,-122.42792,1212246871
+37.781,-122.42802,1212246933
+37.78099,-122.428,1212246977
+37.78059,-122.43214,1212247047
+37.784,-122.43283,1212247098
+37.78648,-122.43332,1212247158
+37.78863,-122.43379,1212247218
+37.78965,-122.42787,1212247278
+37.79009,-122.42414,1212247338
+37.79011,-122.42392,1212247355
+37.79076,-122.4194,1212247416
+37.79076,-122.4194,1212247429
+37.7894,-122.41705,1212247477
+37.78533,-122.41621,1212247537
+37.78565,-122.41485,1212247587
+37.78574,-122.41488,1212247590
+37.78574,-122.41488,1212247605
+37.78564,-122.41393,1212247657
+37.78511,-122.40994,1212247711
+37.78643,-122.41132,1212247771
+37.78727,-122.41155,1212247801
+37.79167,-122.41156,1212247861
+37.79175,-122.41107,1212247922
+37.79178,-122.41104,1212247981
+37.79188,-122.41112,1212248041
+37.79013,-122.40944,1212248106
+37.79105,-122.40423,1212248164
+37.79225,-122.40745,1212248223
+37.79511,-122.4049,1212248293
+37.79504,-122.40324,1212248341
+37.79406,-122.40169,1212248401
+37.79204,-122.40269,1212248463
+37.7907,-122.40408,1212248521
+37.79213,-122.40747,1212248586
+37.79226,-122.40827,1212248650
+37.7922,-122.40824,1212248702
+37.79219,-122.40825,1212248761
+37.79224,-122.40825,1212248821
+37.79218,-122.40823,1212248881
+37.79219,-122.40819,1212248942
+37.79223,-122.40821,1212249002
+37.79223,-122.40822,1212249062
+37.79222,-122.4082,1212249123
+37.79212,-122.409,1212249182
+37.79208,-122.41042,1212249243
+37.792,-122.41048,1212249303
+37.79188,-122.41048,1212249345
+37.79194,-122.41045,1212249405
+37.79185,-122.41045,1212249465
+37.7909,-122.41064,1212249525
+37.79081,-122.40888,1212249585
+37.79222,-122.40915,1212249645
+37.79222,-122.40939,1212249707
+37.79232,-122.40931,1212249770
+37.79231,-122.40934,1212249806
+37.79227,-122.40935,1212249861
+37.79225,-122.40941,1212249917
+37.79225,-122.40934,1212249987
+37.79228,-122.40931,1212250044
+37.79225,-122.4094,1212250106
+37.79232,-122.40932,1212250157
+37.79232,-122.40932,1212250171
+37.79242,-122.40931,1212250222
+37.79244,-122.40934,1212250255
+37.79236,-122.40924,1212250304
+37.79232,-122.40933,1212250359
+37.79233,-122.40941,1212250488
+37.79394,-122.40894,1212250539
+37.7941,-122.40778,1212250599
+37.79444,-122.40517,1212250660
+37.7938,-122.40283,1212250720
+37.79227,-122.40168,1212250780
+37.78909,-122.40244,1212250840
+37.78838,-122.40066,1212250901
+37.78645,-122.39789,1212250961
+37.78421,-122.39508,1212251021
+37.7819,-122.39215,1212251081
+37.78002,-122.3899,1212251142
+37.77609,-122.39461,1212251202
+37.7647,-122.39324,1212251264
+37.75127,-122.39175,1212251313
+37.73939,-122.40019,1212251363
+37.72587,-122.40217,1212251421
+37.71332,-122.39674,1212251472
+37.69996,-122.39322,1212251516
+37.68664,-122.39022,1212251564
+37.67305,-122.39036,1212251619
+37.66247,-122.40103,1212251665
+37.64933,-122.40677,1212251723
+37.63568,-122.40413,1212251774
+37.62266,-122.40097,1212251839
+37.61419,-122.39439,1212251892
+37.61517,-122.38515,1212251954
+37.61799,-122.38595,1212252010
+37.61795,-122.38603,1212252079
+37.61796,-122.38599,1212252094
+37.61796,-122.38598,1212252096
+37.61696,-122.38799,1212252157
+37.61531,-122.39743,1212252216
+37.62811,-122.40222,1212252267
+37.64131,-122.40586,1212252318
+37.64131,-122.40586,1212252335
+37.65475,-122.40686,1212252368
+37.6659,-122.39657,1212252421
+37.67778,-122.38836,1212252470
+37.69113,-122.39103,1212252517
+37.70475,-122.39409,1212252562
+37.71797,-122.39928,1212252606
+37.73087,-122.40427,1212252660
+37.74424,-122.40551,1212252712
+37.75641,-122.40327,1212252781
+37.76752,-122.40526,1212252833
+37.76986,-122.41769,1212252893
+37.77013,-122.42026,1212252931
+37.77023,-122.42118,1212252955
+37.77083,-122.42241,1212252985
+37.77172,-122.42318,1212253045
+37.769,-122.42237,1212253105
+37.76693,-122.42205,1212253165
+37.76571,-122.42201,1212253187
+37.76486,-122.42309,1212253252
+37.76483,-122.42308,1212253288
+37.76481,-122.4251,1212253349
+37.76432,-122.43263,1212253412
+37.7644,-122.4329,1212253470
+37.76678,-122.43335,1212253506
+37.76914,-122.43547,1212253563
+37.77082,-122.44022,1212253628
+37.77094,-122.43993,1212253703
+37.77144,-122.43652,1212253743
+37.77172,-122.43393,1212253803
+37.77205,-122.43326,1212253867
+37.77193,-122.43323,1212253923
+37.7719,-122.43323,1212253946
+37.77191,-122.43323,1212253953
+37.77195,-122.43327,1212253969
+37.77278,-122.43317,1212254029
+37.7726,-122.43459,1212254051
+37.77325,-122.43742,1212254111
+37.77389,-122.43755,1212254181
+37.77777,-122.43837,1212254232
+37.77944,-122.43867,1212254293
+37.78007,-122.44055,1212254353
+37.78052,-122.43964,1212254413
+37.78051,-122.43963,1212254476
+37.7808,-122.43757,1212254540
+37.78167,-122.43241,1212254593
+37.78287,-122.43211,1212254653
+37.78252,-122.43198,1212254713
+37.78253,-122.43213,1212254773
+37.78251,-122.43194,1212254826
+37.78247,-122.4319,1212254886
+37.78248,-122.43214,1212254928
+37.78248,-122.43215,1212254948
+37.78252,-122.43203,1212255009
+37.7825,-122.43203,1212255069
+37.7825,-122.43203,1212255082
+37.78251,-122.43196,1212255134
+37.78247,-122.43207,1212255189
+37.78243,-122.43208,1212255249
+37.78236,-122.43181,1212255287
+37.78309,-122.43272,1212255326
+37.78499,-122.43299,1212255386
+37.78533,-122.4317,1212255446
+37.78533,-122.43169,1212255521
+37.78546,-122.43174,1212255572
+37.78538,-122.43171,1212255629
+37.78539,-122.43172,1212255690
+37.7854,-122.43172,1212255754
+37.7854,-122.43173,1212255814
+37.78709,-122.42842,1212255929
+37.78828,-122.42866,1212255969
+37.78841,-122.4302,1212256030
+37.78829,-122.43099,1212256060
+37.78886,-122.43218,1212256108
+37.79016,-122.42426,1212256195
+37.79075,-122.42206,1212256254
+37.79074,-122.41924,1212256314
+37.79141,-122.41444,1212256375
+37.79202,-122.41199,1212256435
+37.79255,-122.41306,1212256465
+37.79255,-122.41315,1212256467
+37.79292,-122.41604,1212256515
+37.79199,-122.41416,1212256580
+37.78977,-122.41366,1212256640
+37.7901,-122.40934,1212256695
+37.7895,-122.40576,1212256755
+37.78945,-122.40554,1212256798
+37.78848,-122.40296,1212256799
+37.7875,-122.40898,1212256859
+37.7873,-122.41663,1212256924
+37.78698,-122.41657,1212256979
+37.78692,-122.41647,1212257044
+37.787,-122.41667,1212257099
+37.78693,-122.41667,1212257160
+37.78694,-122.41666,1212257221
+37.78698,-122.41648,1212257342
+37.78698,-122.41648,1212257356
+37.78648,-122.41818,1212257417
+37.78957,-122.42025,1212257529
+37.78873,-122.42604,1212257591
+37.78792,-122.43402,1212257643
+37.78792,-122.43402,1212257659
+37.7869,-122.44231,1212257698
+37.78713,-122.4484,1212257785
+37.7876,-122.44844,1212257841
+37.78757,-122.44848,1212257895
+37.78758,-122.44848,1212257966
+37.78751,-122.44856,1212258027
+37.78788,-122.44866,1212258076
+37.78739,-122.44853,1212258147
+37.78755,-122.4485,1212258196
+37.78754,-122.4485,1212258265
+37.78753,-122.44852,1212258326
+37.78752,-122.44852,1212258381
+37.78769,-122.44854,1212258441
+37.78535,-122.44939,1212258525
+37.78409,-122.4534,1212258589
+37.78149,-122.45615,1212258639
+37.78525,-122.45692,1212258699
+37.78593,-122.4569,1212258759
+37.78876,-122.4566,1212258799
+37.78895,-122.45516,1212258816
+37.78976,-122.44874,1212258876
+37.79196,-122.44591,1212258934
+37.7922,-122.44362,1212258963
+37.79224,-122.44326,1212259003
+37.79233,-122.44474,1212259063
+37.79339,-122.4417,1212259124
+37.79572,-122.44196,1212259194
+37.79796,-122.44253,1212259244
+37.79976,-122.4428,1212259310
+37.80169,-122.44479,1212259366
+37.80161,-122.44842,1212259431
+37.80428,-122.44845,1212259493
+37.80404,-122.44852,1212259511
+37.80404,-122.44852,1212259513
+37.80542,-122.44482,1212259573
+37.80203,-122.44329,1212259633
+37.8014,-122.44317,1212259649
+37.80014,-122.44142,1212259709
+37.80033,-122.44,1212259770
+37.80038,-122.43955,1212259830
+37.80039,-122.43606,1212259907
+37.79959,-122.43591,1212259951
+37.79845,-122.43577,1212260015
+37.79753,-122.43557,1212260075
+37.79696,-122.43543,1212260110
+37.79561,-122.43524,1212260169
+37.79315,-122.43467,1212260209
+37.79282,-122.43141,1212260274
+37.79133,-122.431,1212260329
+37.79131,-122.43102,1212260391
+37.79131,-122.43106,1212260450
+37.79129,-122.43104,1212260514
+37.79117,-122.43095,1212260576
+37.7895,-122.42908,1212260642
+37.78918,-122.42558,1212260692
+37.78831,-122.42369,1212260752
+37.78867,-122.42036,1212260821
+37.7895,-122.41333,1212260872
+37.78854,-122.41014,1212260932
+37.78824,-122.4091,1212260996
+37.78694,-122.41105,1212261094
+37.7865,-122.41174,1212261121
+37.7865,-122.41174,1212261151
+37.78629,-122.41632,1212261176
+37.78593,-122.4194,1212261204
+37.7854,-122.42276,1212261259
+37.78835,-122.42376,1212261326
+37.79339,-122.42466,1212261381
+37.79797,-122.42561,1212261440
+37.79797,-122.42561,1212261453
+37.79819,-122.42704,1212261476
+37.79818,-122.42703,1212261482
+37.79819,-122.42712,1212261517
+37.79752,-122.42719,1212261568
+37.79713,-122.4271,1212261595
+37.79642,-122.42525,1212261667
+37.79651,-122.42188,1212261738
+37.79307,-122.42123,1212261788
+37.79061,-122.42076,1212261848
+37.79052,-122.42079,1212261874
+37.78779,-122.42002,1212261942
+37.78726,-122.41681,1212261995
+37.78783,-122.41169,1212262055
+37.78799,-122.40864,1212262116
+37.78799,-122.40864,1212262136
+37.78859,-122.40452,1212262176
+37.79163,-122.40417,1212262236
+37.7921,-122.40391,1212262261
+37.79648,-122.40512,1212262322
+37.79763,-122.40624,1212262382
+37.79763,-122.40624,1212262395
+37.79828,-122.4072,1212262442
+37.79867,-122.40781,1212262476
+37.79941,-122.40885,1212262484
+37.8002,-122.41147,1212262545
+37.79939,-122.41723,1212262605
+37.79908,-122.42022,1212262679
+37.80052,-122.42368,1212262725
+37.80005,-122.42757,1212262792
+37.79953,-122.43134,1212262846
+37.79915,-122.43468,1212262907
+37.79886,-122.43593,1212262967
+37.79833,-122.43576,1212262992
+37.79818,-122.4357,1212263005
+37.79833,-122.43315,1212263058
+37.79882,-122.42936,1212263115
+37.79916,-122.42682,1212263168
+37.79934,-122.42544,1212263210
+37.79949,-122.42442,1212263271
+37.79871,-122.42229,1212263324
+37.79715,-122.42196,1212263395
+37.79607,-122.4204,1212263452
+37.79635,-122.41779,1212263498
+37.79735,-122.41059,1212263510
+37.7978,-122.40693,1212263570
+37.79779,-122.40693,1212263574
+37.79791,-122.40608,1212263634
+37.7994,-122.39765,1212263705
+37.80339,-122.4012,1212263756
+37.80742,-122.4071,1212263875
+37.80823,-122.40892,1212263935
+37.8084,-122.40997,1212263986
+37.8084,-122.40997,1212263988
+37.80835,-122.40996,1212264046
+37.80839,-122.40997,1212264101
+37.80839,-122.41,1212264162
+37.80842,-122.41002,1212264221
+37.80841,-122.41003,1212264282
+37.80842,-122.41003,1212264341
+37.80841,-122.41002,1212264362
+37.80821,-122.40992,1212264420
+37.80768,-122.40802,1212264480
+37.80523,-122.40373,1212264540
+37.80213,-122.4004,1212264607
+37.79827,-122.39702,1212264662
+37.79599,-122.39509,1212264722
+37.79597,-122.39507,1212264731
+37.79597,-122.39506,1212264733
+37.79364,-122.39291,1212264793
+37.79364,-122.39291,1212264813
+37.79285,-122.39381,1212264854
+37.79357,-122.39635,1212264915
+37.79415,-122.39861,1212264973
+37.79329,-122.40216,1212265033
+37.7959,-122.40514,1212265093
+37.79687,-122.40504,1212265156
+37.79796,-122.40636,1212265219
+37.79753,-122.41016,1212265278
+37.79754,-122.41197,1212265333
+37.79808,-122.41281,1212265394
+37.79807,-122.41281,1212265399
+37.79614,-122.41315,1212265459
+37.7933,-122.41448,1212265519
+37.79136,-122.41338,1212265582
+37.79206,-122.40978,1212265642
+37.79175,-122.41065,1212265697
+37.79191,-122.41065,1212265757
+37.79183,-122.41069,1212265817
+37.79174,-122.41075,1212265877
+37.79176,-122.41063,1212265937
+37.79187,-122.41064,1212266003
+37.79205,-122.41068,1212266057
+37.79205,-122.41068,1212266082
+37.79235,-122.4108,1212266146
+37.79229,-122.41077,1212266258
+37.7924,-122.41097,1212266318
+37.7921,-122.41071,1212266383
+37.79224,-122.41074,1212266443
+37.7922,-122.41072,1212266503
+37.79224,-122.41071,1212266558
+37.79211,-122.41072,1212266618
+37.79183,-122.41067,1212266676
+37.79207,-122.41079,1212266732
+37.79207,-122.41079,1212266748
+37.79184,-122.41065,1212266776
+37.7919,-122.41067,1212266832
+37.79185,-122.41067,1212266892
+37.79193,-122.41077,1212266953
+37.79187,-122.41075,1212267014
+37.79201,-122.41071,1212267078
+37.79188,-122.41066,1212267136
+37.79188,-122.41066,1212267150
+37.79167,-122.41081,1212267195
+37.79178,-122.41072,1212267256
+37.79187,-122.41079,1212267317
+37.79168,-122.41076,1212267377
+37.79172,-122.4107,1212267412
+37.79179,-122.41071,1212267473
+37.792,-122.4107,1212267533
+37.79159,-122.41073,1212267594
+37.79155,-122.41076,1212267654
+37.79183,-122.41071,1212267715
+37.79187,-122.41069,1212267775
+37.79173,-122.4107,1212267839
+37.79171,-122.41073,1212267895
+37.79179,-122.41075,1212267955
+37.79182,-122.41073,1212268017
+37.79177,-122.41089,1212268076
+37.79189,-122.4108,1212268136
+37.79176,-122.41088,1212268196
+37.79169,-122.41089,1212268262
+37.79167,-122.4109,1212268316
+37.79169,-122.41094,1212268339
+37.79258,-122.41172,1212268399
+37.79369,-122.41276,1212268460
+37.79632,-122.41315,1212268505
+37.79992,-122.41391,1212268591
+37.79946,-122.417,1212268652
+37.79946,-122.417,1212268672
+37.80003,-122.41926,1212268716
+37.79953,-122.42381,1212268771
+37.79914,-122.42713,1212268831
+37.79885,-122.42931,1212268898
+37.79885,-122.42943,1212268918
+37.79885,-122.42943,1212268925
+37.79848,-122.43224,1212268988
+37.79851,-122.43408,1212269041
+37.79893,-122.43576,1212269106
+37.7982,-122.43578,1212269162
+37.79679,-122.43545,1212269222
+37.79357,-122.43471,1212269284
+37.79081,-122.43425,1212269348
+37.78995,-122.43407,1212269404
+37.78885,-122.43392,1212269475
+37.78965,-122.4274,1212269525
+37.79029,-122.42283,1212269586
+37.79065,-122.41937,1212269646
+37.79086,-122.419,1212269668
+37.7922,-122.41767,1212269729
+37.7922,-122.41767,1212269744
+37.79063,-122.42044,1212269790
+37.78985,-122.42058,1212269855
+37.78896,-122.4191,1212269911
+37.7892,-122.41851,1212269948
+37.78962,-122.4206,1212270010
+37.78919,-122.42376,1212270081
+37.79246,-122.42451,1212270130
+37.79739,-122.42566,1212270198
+37.79702,-122.4288,1212270250
+37.79669,-122.43121,1212270311
+37.79632,-122.43401,1212270371
+37.79727,-122.43559,1212270496
+37.79936,-122.43591,1212270560
+37.80066,-122.43618,1212270603
+37.80073,-122.43616,1212270691
+37.80073,-122.43616,1212270696
+37.8007,-122.43745,1212270754
+37.79976,-122.43782,1212270829
+37.79784,-122.43735,1212270883
+37.7982,-122.43422,1212270999
+37.79841,-122.43251,1212271037
+37.7988,-122.42958,1212271101
+37.79901,-122.42797,1212271151
+37.79922,-122.42633,1212271218
+37.79942,-122.42464,1212271271
+37.79942,-122.42464,1212271287
+37.79945,-122.42251,1212271341
+37.79774,-122.42214,1212271386
+37.7968,-122.42196,1212271447
+37.79678,-122.42199,1212271455
+37.79595,-122.42181,1212271515
+37.79374,-122.42135,1212271576
+37.79109,-122.42081,1212271651
+37.79064,-122.41984,1212271696
+37.79006,-122.41729,1212271756
+37.78762,-122.41664,1212271816
+37.78274,-122.41575,1212271877
+37.78067,-122.41538,1212271936
+37.7773,-122.41299,1212271996
+37.77329,-122.40797,1212272056
+37.77141,-122.4053,1212272122
+37.7719,-122.39831,1212272178
+37.75892,-122.39255,1212272236
+37.75148,-122.39264,1212272304
+37.75141,-122.3937,1212272356
+37.75132,-122.39503,1212272392
+37.75132,-122.39508,1212272403
+37.74985,-122.39549,1212272458
+37.74947,-122.40143,1212272509
+37.74842,-122.40833,1212272575
+37.7483,-122.41314,1212272630
+37.74824,-122.41734,1212272668
+37.74787,-122.42484,1212272735
+37.74886,-122.42719,1212272770
+37.75,-122.42728,1212272794
+37.75162,-122.42939,1212272854
+37.75153,-122.43087,1212272886
+37.75147,-122.43175,1212272944
+37.75134,-122.43386,1212273003
+37.75454,-122.4344,1212273064
+37.75903,-122.43482,1212273123
+37.75921,-122.43672,1212273183
+37.76151,-122.43729,1212273245
+37.76234,-122.4376,1212273303
+37.76198,-122.44403,1212273363
+37.76362,-122.44718,1212273424
+37.7668,-122.44985,1212273484
+37.76621,-122.45445,1212273544
+37.76632,-122.45982,1212273605
+37.76599,-122.46627,1212273665
+37.76573,-122.4718,1212273726
+37.76554,-122.47707,1212273786
+37.76604,-122.48258,1212273851
+37.76613,-122.48248,1212273872
+37.76613,-122.48248,1212273893
+37.76557,-122.48342,1212273897
+37.76471,-122.49517,1212273980
+37.76383,-122.50082,1212274033
+37.75718,-122.50038,1212274095
+37.75081,-122.49994,1212274156
+37.74295,-122.49938,1212274217
+37.74202,-122.49866,1212274244
+37.7407,-122.49493,1212274299
+37.74063,-122.49493,1212274340
+37.74063,-122.49493,1212274400
+37.74116,-122.49435,1212274460
+37.74991,-122.49494,1212274521
+37.75799,-122.49552,1212274581
+37.76533,-122.49597,1212274651
+37.76586,-122.48796,1212274702
+37.76671,-122.48113,1212274765
+37.76588,-122.47853,1212274821
+37.76606,-122.47776,1212274848
+37.76704,-122.47783,1212274908
+37.77374,-122.47177,1212274968
+37.78002,-122.47227,1212275042
+37.80388,-122.45112,1212275269
+37.80586,-122.4416,1212275404
+37.80512,-122.43407,1212275470
+37.7985,-122.43221,1212275649
+37.79812,-122.43531,1212275738
+37.79812,-122.43537,1212275747
+37.79725,-122.43558,1212275798
+37.79651,-122.43544,1212275826
+37.79604,-122.43197,1212275926
+37.79339,-122.43143,1212275978
+37.79026,-122.43082,1212276045
+37.78996,-122.42542,1212276097
+37.79017,-122.42371,1212276169
+37.79084,-122.41954,1212276216
+37.79118,-122.41593,1212276274
+37.79118,-122.41593,1212276304
+37.79118,-122.41593,1212276328
+37.79168,-122.41886,1212276334
+37.79151,-122.42235,1212276394
+37.79112,-122.42402,1212276454
+37.79022,-122.43098,1212276515
+37.79059,-122.43419,1212276563
+37.79059,-122.43419,1212276564
+37.78808,-122.43209,1212276625
+37.78484,-122.43135,1212276686
+37.78379,-122.43113,1212276752
+37.78379,-122.43113,1212276766
+37.78016,-122.43038,1212276807
+37.78075,-122.42249,1212276871
+37.78089,-122.42251,1212276889
+37.78084,-122.42101,1212276965
+37.78169,-122.41429,1212277009
+37.78252,-122.41109,1212277069
+37.78003,-122.40767,1212277135
+37.77617,-122.40313,1212277197
+37.77138,-122.39815,1212277252
+37.75863,-122.3925,1212277307
+37.75863,-122.3925,1212277322
+37.75158,-122.39483,1212279443
+37.74976,-122.397,1212279576
+37.7494,-122.40187,1212279633
+37.74838,-122.40853,1212279704
+37.7483,-122.41291,1212279754
+37.74887,-122.41813,1212279888
+37.75206,-122.41846,1212279934
+37.75652,-122.4189,1212280007
+37.75761,-122.41904,1212280046
+37.75761,-122.41904,1212280058
+37.76137,-122.41938,1212280102
+37.76305,-122.4196,1212280161
+37.7674,-122.42004,1212280231
+37.77402,-122.41883,1212280281
+37.77524,-122.41906,1212280362
+37.77983,-122.42011,1212280403
+37.77983,-122.42011,1212280417
+37.78104,-122.42029,1212280476
+37.78258,-122.41407,1212280599
+37.78259,-122.41521,1212280638
+37.78259,-122.41521,1212280645
+37.78417,-122.41952,1212280705
+37.78564,-122.41972,1212280769
+37.78723,-122.4171,1212280826
+37.78724,-122.40824,1212281348
+37.78727,-122.40873,1212281420
+37.79295,-122.40324,1212281659
+37.7922,-122.40166,1212281686
+37.79055,-122.40017,1212281735
+37.79391,-122.39572,1212281796
+37.79327,-122.39361,1212281857
+37.79336,-122.39302,1212281918
+37.7942,-122.39266,1212281978
+37.79423,-122.39266,1212282012
+37.79423,-122.39265,1212282015
+37.79593,-122.39453,1212282077
+37.79602,-122.39475,1212282117
+37.79478,-122.39415,1212282180
+37.7943,-122.3936,1212282206
+37.79358,-122.3931,1212282263
+37.79316,-122.392,1212282323
+37.79098,-122.39048,1212282384
+37.79024,-122.38949,1212282448
+37.78373,-122.38832,1212282504
+37.78202,-122.3885,1212282559
+37.78202,-122.3885,1212282577
+37.78194,-122.38852,1212282586
+37.78194,-122.38852,1212282598
+37.77901,-122.39262,1212282646
+37.77766,-122.39439,1212282706
+37.77227,-122.40114,1212282766
+37.77527,-122.40614,1212282831
+37.77977,-122.41168,1212282886
+37.77977,-122.41168,1212282903
+37.78223,-122.41858,1212283007
+37.78469,-122.41963,1212283072
+37.78559,-122.41966,1212283137
+37.78558,-122.41984,1212283166
+37.78755,-122.42014,1212283217
+37.79118,-122.42081,1212283272
+37.7923,-122.42105,1212283332
+37.79566,-122.42171,1212283393
+37.79732,-122.42202,1212283453
+37.79728,-122.42205,1212283486
+37.79742,-122.42209,1212283550
+37.7975,-122.42211,1212283560
+37.7975,-122.42211,1212283603
+37.7975,-122.42211,1212283620
+37.79865,-122.42342,1212283623
+37.79852,-122.42416,1212283676
+37.79776,-122.42396,1212283738
+37.79274,-122.42288,1212283803
+37.7922,-122.42248,1212283813
+37.79281,-122.41791,1212283873
+37.79131,-122.41732,1212283934
+37.79,-122.41709,1212283994
+37.78713,-122.41663,1212284059
+37.78374,-122.41347,1212284119
+37.78489,-122.41116,1212284174
+37.78541,-122.41102,1212284216
+37.78543,-122.41103,1212284217
+37.78625,-122.41134,1212284277
+37.78814,-122.41035,1212284341
+37.78713,-122.40994,1212284397
+37.78715,-122.41075,1212284466
+37.78708,-122.41111,1212284502
+37.78652,-122.41455,1212284563
+37.78715,-122.4182,1212284624
+37.79073,-122.41903,1212284684
+37.79572,-122.42003,1212284763
+37.79885,-122.42149,1212284806
+37.80077,-122.42273,1212284841
+37.80404,-122.42338,1212284905
+37.80449,-122.42199,1212284950
+37.80449,-122.42199,1212284952
+37.80475,-122.42039,1212285012
+37.806,-122.41808,1212285073
+37.80602,-122.41775,1212285110
+37.80524,-122.41701,1212285172
+37.80288,-122.41401,1212285230
+37.8011,-122.41132,1212285291
+37.79998,-122.40974,1212285366
+37.79953,-122.40911,1212285413
+37.79961,-122.40807,1212285474
+37.7997,-122.40735,1212285527
+37.79969,-122.40734,1212285529
+37.79969,-122.40734,1212285568
+37.80032,-122.40757,1212285590
+37.80045,-122.40953,1212285649
+37.80039,-122.41025,1212285672
+37.79982,-122.41456,1212285732
+37.79936,-122.41819,1212285793
+37.79931,-122.41885,1212285834
+37.79931,-122.41885,1212285868
+37.79556,-122.4183,1212285895
+37.79556,-122.4183,1212285910
+37.79093,-122.41742,1212285963
+37.7873,-122.41659,1212286015
+37.78268,-122.41556,1212286076
+37.77889,-122.41497,1212286136
+37.77748,-122.41622,1212286208
+37.774,-122.42066,1212286258
+37.77364,-122.42138,1212286299
+37.77362,-122.42141,1212286301
+37.77235,-122.42251,1212286361
+37.77399,-122.42054,1212286421
+37.77399,-122.42054,1212286434
+37.77611,-122.41786,1212286482
+37.77857,-122.41509,1212286554
+37.78104,-122.4118,1212286613
+37.78353,-122.4086,1212286670
+37.78523,-122.40638,1212286725
+37.78559,-122.40559,1212286789
+37.78546,-122.40534,1212286849
+37.78531,-122.40533,1212286889
+37.78427,-122.40447,1212286920
+37.78601,-122.40229,1212286987
+37.78809,-122.40422,1212287040
+37.78742,-122.40802,1212287108
+37.78742,-122.40802,1212287121
+37.78717,-122.40953,1212287161
+37.78734,-122.41162,1212287221
+37.78796,-122.41086,1212287282
+37.78809,-122.41089,1212287320
+37.7881,-122.41088,1212287322
+37.78816,-122.40865,1212287382
+37.78694,-122.4066,1212287443
+37.78558,-122.40536,1212287498
+37.78493,-122.40398,1212287531
+37.78621,-122.40218,1212287591
+37.79002,-122.4037,1212287651
+37.7937,-122.40445,1212287711
+37.79639,-122.4051,1212287776
+37.79733,-122.40615,1212287840
+37.79843,-122.40761,1212287897
+37.79898,-122.4085,1212287957
+37.79921,-122.40874,1212288013
+37.79963,-122.40896,1212288082
+37.80018,-122.40908,1212288095
+37.79833,-122.41968,1212288274
+37.79826,-122.42221,1212288322
+37.79852,-122.42362,1212288388
+37.79121,-122.42345,1212288504
+37.79038,-122.42578,1212288563
+37.78603,-122.42485,1212288628
+37.77942,-122.42351,1212288684
+37.77844,-122.42328,1212288744
+37.77709,-122.42304,1212288804
+37.77652,-122.42293,1212288839
+37.77605,-122.41996,1212288905
+37.77609,-122.41951,1212288978
+37.78217,-122.42059,1212289037
+37.78684,-122.41843,1212289150
+37.78756,-122.4149,1212289206
+37.78863,-122.40902,1212289265
+37.78902,-122.4069,1212289382
+37.78711,-122.40918,1212289463
+37.78706,-122.41094,1212289552
+37.79192,-122.41259,1212289676
+37.79385,-122.4099,1212289736
+37.79687,-122.41004,1212289793
+37.79717,-122.41028,1212289866
+37.79863,-122.40889,1212289925
+37.79878,-122.4071,1212289980
+37.79822,-122.40719,1212290015
+37.79791,-122.40707,1212290030
+37.79804,-122.40691,1212290046
+37.79728,-122.40619,1212290120
+37.79598,-122.40446,1212290175
+37.79139,-122.4018,1212290386
+37.7853,-122.40006,1212290530
+37.7853,-122.40006,1212290536
+37.78846,-122.40202,1212290591
+37.78799,-122.40405,1212290653
+37.7904,-122.40564,1212290810
+37.79088,-122.40258,1212290863
+37.79629,-122.40085,1212290912
+37.79738,-122.39835,1212290968
+37.79767,-122.39828,1212290999
+37.79783,-122.39863,1212291102
+37.79771,-122.39864,1212291104
+37.79587,-122.39694,1212291164
+37.7934,-122.39721,1212291233
+37.79356,-122.39689,1212291263
+37.79524,-122.39955,1212291304
+37.79758,-122.40234,1212291359
+37.79793,-122.40654,1212291424
+37.7975,-122.40996,1212291480
+37.7962,-122.41979,1212291540
+37.79545,-122.42609,1212291600
+37.79545,-122.42651,1212291636
+37.79546,-122.42652,1212291637
+37.79543,-122.42671,1212291677
+37.797,-122.42116,1212291867
+37.79654,-122.4186,1212291915
+37.79684,-122.41858,1212291947
+37.797,-122.41861,1212291949
+37.797,-122.41861,1212291964
+37.797,-122.41861,1212291993
+37.79741,-122.41867,1212291996
+37.79741,-122.41867,1212292022
+37.79887,-122.41903,1212292056
+37.79877,-122.42258,1212292181
+37.79881,-122.42205,1212292264
+37.79911,-122.41943,1212292293
+37.79809,-122.42042,1212292353
+37.79828,-122.41899,1212292413
+37.79791,-122.42217,1212292484
+37.7986,-122.42375,1212292535
+37.79533,-122.42346,1212292602
+37.7924,-122.42293,1212292650
+37.79022,-122.42384,1212292706
+37.78941,-122.43015,1212292766
+37.78913,-122.43257,1212292827
+37.7882,-122.44019,1212292892
+37.78734,-122.44665,1212292944
+37.78654,-122.45278,1212293002
+37.78329,-122.47094,1212293213
+37.7832,-122.47093,1212293247
+37.78104,-122.4708,1212293264
+37.78067,-122.46947,1212293287
+37.78073,-122.46892,1212293322
+37.78329,-122.4666,1212293410
+37.78353,-122.46661,1212293603
+37.78228,-122.46019,1212293748
+37.77467,-122.45504,1212294060
+37.76796,-122.45335,1212294164
+37.76425,-122.46441,1212294337
+37.76605,-122.46248,1212294511
+37.76612,-122.46079,1212294523
+37.76598,-122.45773,1212294544
+37.76618,-122.45435,1212294568
+37.76934,-122.45207,1212294636
+37.76979,-122.44845,1212294688
+37.77011,-122.44594,1212294742
+37.77092,-122.43982,1212294802
+37.77289,-122.43738,1212294864
+37.77567,-122.43792,1212294928
+37.77668,-122.43811,1212294960
+37.78047,-122.43893,1212295023
+37.78405,-122.43958,1212295087
+37.78638,-122.43862,1212295138
+37.78729,-122.43143,1212295199
+37.78829,-122.42355,1212295264
+37.78912,-122.41767,1212295339
+37.78995,-122.41147,1212295385
+37.79028,-122.40923,1212295440
+37.79106,-122.40305,1212295502
+37.79276,-122.40076,1212295571
+37.79357,-122.39917,1212295620
+37.79468,-122.39934,1212295685
+37.79474,-122.40018,1212295699
+37.79185,-122.39967,1212295764
+37.79024,-122.40107,1212295819
+37.79024,-122.40107,1212295839
+37.78738,-122.40524,1212295879
+37.78485,-122.4082,1212295941
+37.78508,-122.40878,1212296443
+37.78509,-122.40883,1212296810
+37.78513,-122.40909,1212296865
+37.78509,-122.40904,1212296931
+37.78505,-122.40884,1212297005
+37.78507,-122.40924,1212297058
+37.78501,-122.40882,1212297107
+37.78501,-122.40882,1212297131
+37.785,-122.40879,1212297181
+37.78498,-122.4091,1212297230
+37.78504,-122.40896,1212297290
+37.78498,-122.40894,1212297350
+37.78491,-122.40914,1212297416
+37.78491,-122.40883,1212297471
+37.78495,-122.40877,1212297531
+37.78493,-122.40911,1212297602
+37.78493,-122.40917,1212297661
+37.78498,-122.40884,1212297709
+37.78501,-122.40882,1212297769
+37.78474,-122.41085,1212297889
+37.78503,-122.40923,1212297950
+37.78514,-122.40898,1212298025
+37.78515,-122.40898,1212298072
+37.78508,-122.4092,1212298131
+37.78508,-122.40923,1212298202
+37.78506,-122.40939,1212298301
+37.78503,-122.40867,1212298355
+37.78506,-122.40892,1212298419
+37.78503,-122.40877,1212298480
+37.78509,-122.40884,1212298554
+37.78509,-122.40882,1212298596
+37.78516,-122.40882,1212298662
+37.78508,-122.40903,1212298728
+37.78484,-122.40933,1212298785
+37.78617,-122.41101,1212298845
+37.78617,-122.41908,1212298962
+37.78607,-122.42089,1212299015
+37.78526,-122.42261,1212299081
+37.78487,-122.42849,1212299135
+37.78487,-122.42849,1212299153
+37.78319,-122.44121,1212299205
+37.78207,-122.45092,1212299256
+37.7814,-122.45875,1212299316
+37.78317,-122.46048,1212299376
+37.78315,-122.4605,1212299406
+37.78315,-122.46053,1212299413
+37.78306,-122.46308,1212299442
+37.78132,-122.46323,1212299503
+37.78106,-122.46134,1212299558
+37.78113,-122.45994,1212299579
+37.77533,-122.45847,1212299652
+37.77554,-122.45661,1212299716
+37.7755,-122.45671,1212299731
+37.77707,-122.45852,1212299797
+37.78105,-122.45879,1212299838
+37.78203,-122.45004,1212299903
+37.78273,-122.44318,1212299937
+37.78241,-122.43947,1212300044
+37.7852,-122.44007,1212300104
+37.78574,-122.44323,1212300170
+37.78576,-122.44322,1212300193
+37.78581,-122.44318,1212300226
+37.7879,-122.42671,1212300352
+37.78939,-122.42377,1212300400
+37.79523,-122.42507,1212300461
+37.79523,-122.42507,1212300477
+37.80091,-122.42615,1212300529
+37.80408,-122.42541,1212300585
+37.80432,-122.42358,1212300644
+37.80489,-122.41869,1212300700
+37.80608,-122.41851,1212300743
+37.8077,-122.41904,1212300797
+37.80772,-122.41903,1212300835
+37.8078,-122.41929,1212300846
+37.80681,-122.41912,1212300903
+37.80613,-122.41861,1212300957
+37.80365,-122.41512,1212301020
+37.80369,-122.41513,1212301063
+37.8007,-122.41431,1212301130
+37.79924,-122.41908,1212301179
+37.7966,-122.42368,1212301304
+37.79179,-122.42278,1212301360
+37.78915,-122.42428,1212301420
+37.78704,-122.44079,1212301859
+37.78657,-122.44471,1212301890
+37.78481,-122.44895,1212301897
+37.78437,-122.45054,1212302038
+37.78439,-122.45045,1212302055
+37.78503,-122.44783,1212302069
+37.78501,-122.44782,1212302094
+37.78295,-122.44713,1212302210
+37.78688,-122.43475,1212302430
+37.78688,-122.43475,1212302444
+37.78861,-122.42135,1212302482
+37.7896,-122.41422,1212302551
+37.79004,-122.40829,1212302612
+37.79105,-122.40072,1212302671
+37.78946,-122.3973,1212302767
+37.78827,-122.39679,1212302819
+37.78835,-122.39712,1212302826
+37.78832,-122.39767,1212302833
+37.78733,-122.40083,1212302907
+37.78817,-122.40342,1212302956
+37.78968,-122.40481,1212303024
+37.78986,-122.40814,1212303075
+37.78986,-122.40814,1212303087
+37.78558,-122.42227,1212303485
+37.78563,-122.42268,1212303531
+37.78563,-122.42268,1212303564
+37.78434,-122.43293,1212303586
+37.78434,-122.43293,1212303674
+37.78139,-122.43241,1212303700
+37.78497,-122.43309,1212303777
+37.78539,-122.43319,1212303782
+37.78568,-122.43324,1212303783
+37.7862,-122.43328,1212303816
+37.7862,-122.43328,1212303845
+37.7862,-122.43328,1212303867
+37.7862,-122.43328,1212303881
+37.78773,-122.43367,1212303891
+37.78773,-122.43367,1212303924
+37.78917,-122.43387,1212303962
+37.78917,-122.43387,1212304004
+37.78917,-122.43387,1212304029
+37.79269,-122.43302,1212304048
+37.79255,-122.4329,1212304058
+37.79233,-122.43285,1212304072
+37.7917,-122.43409,1212304093
+37.7864,-122.43339,1212304198
+37.78515,-122.43307,1212304254
+37.78413,-122.43296,1212304282
+37.78061,-122.43051,1212304346
+37.77708,-122.42976,1212304406
+37.77441,-122.42933,1212304463
+37.7731,-122.42899,1212304511
+37.77042,-122.42903,1212304571
+37.76926,-122.43312,1212304632
+37.7668,-122.43338,1212304696
+37.7668,-122.43336,1212304725
+37.76605,-122.43331,1212304733
+37.76288,-122.43489,1212304795
+37.76128,-122.43507,1212304855
+37.76074,-122.43503,1212304915
+37.76074,-122.43503,1212304935
+37.76185,-122.43513,1212304949
+37.76576,-122.43548,1212304993
+37.76892,-122.4358,1212305059
+37.77116,-122.437,1212305114
+37.77765,-122.43843,1212305425
+37.77749,-122.43839,1212305427
+37.7742,-122.43772,1212305487
+37.77418,-122.43771,1212305491
+37.7726,-122.43736,1212305553
+37.7656,-122.43551,1212305613
+37.76426,-122.43288,1212305673
+37.76449,-122.42893,1212305724
+37.76463,-122.42668,1212305784
+37.76009,-122.42373,1212305854
+37.75692,-122.42339,1212305907
+37.7552,-122.4229,1212305975
+37.75396,-122.4187,1212306026
+37.75386,-122.41897,1212306054
+37.75382,-122.41959,1212306055
+37.7552,-122.42093,1212306115
+37.75849,-122.42129,1212306178
+37.75922,-122.42131,1212306235
+37.75924,-122.42132,1212306253
+37.76029,-122.41837,1212306303
+37.76018,-122.41267,1212306362
+37.75753,-122.41261,1212306452
+37.75721,-122.41655,1212306512
+37.75685,-122.419,1212306573
+37.75684,-122.41899,1212306589
+37.75294,-122.41854,1212306664
+37.75078,-122.41833,1212306673
+37.74586,-122.4198,1212306733
+37.74248,-122.42194,1212306804
+37.72935,-122.43078,1212306923
+37.72577,-122.43408,1212306983
+37.72208,-122.43381,1212307033
+37.72169,-122.43297,1212307075
+37.72169,-122.43295,1212307077
+37.72298,-122.43572,1212307138
+37.72618,-122.43361,1212307204
+37.74022,-122.42332,1212307378
+37.74396,-122.42089,1212307439
+37.74782,-122.4184,1212307504
+37.75376,-122.41858,1212307559
+37.75736,-122.4189,1212307620
+37.76172,-122.41939,1212307680
+37.76388,-122.42178,1212307741
+37.76322,-122.42397,1212307801
+37.7645,-122.42179,1212307861
+37.76449,-122.42178,1212307874
+37.76507,-122.41917,1212307928
+37.76853,-122.41592,1212307990
+37.77073,-122.41516,1212308050
+37.77211,-122.41365,1212308108
+37.77435,-122.41088,1212308169
+37.77826,-122.40592,1212308230
+37.78037,-122.39923,1212308297
+37.7776,-122.39566,1212308351
+37.77602,-122.39393,1212308412
+37.7743,-122.39523,1212308472
+37.77402,-122.39558,1212308506
+37.77401,-122.39557,1212308507
+37.77412,-122.39538,1212308567
+37.77412,-122.39542,1212308642
+37.77415,-122.3954,1212308648
+37.77418,-122.39538,1212308708
+37.77417,-122.39555,1212308770
+37.77408,-122.39557,1212308829
+37.77626,-122.39406,1212309188
+37.78243,-122.39721,1212309392
+37.7848,-122.40956,1212309598
+37.78486,-122.40931,1212309619
+37.78514,-122.41035,1212309661
+37.7876,-122.41138,1212309727
+37.78783,-122.41,1212309782
+37.78758,-122.41002,1212309814
+37.78467,-122.4097,1212309875
+37.78306,-122.4093,1212309942
+37.78053,-122.41264,1212309989
+37.77746,-122.41764,1212310049
+37.77447,-122.42023,1212310110
+37.77123,-122.42428,1212310170
+37.7681,-122.42448,1212310230
+37.76497,-122.42421,1212310292
+37.76303,-122.42403,1212310351
+37.75758,-122.42347,1212310416
+37.75537,-122.42326,1212310451
+37.75539,-122.42329,1212310511
+37.75521,-122.42278,1212310536
+37.75524,-122.42237,1212310537
+37.75955,-122.42134,1212310597
+37.76471,-122.42188,1212310657
+37.76727,-122.42211,1212310717
+37.77007,-122.42237,1212310777
+37.77289,-122.42219,1212310842
+37.77503,-122.421,1212310900
+37.77781,-122.42149,1212310958
+37.78544,-122.423,1212311018
+37.79018,-122.42395,1212311063
+37.7932,-122.42155,1212311124
+37.79324,-122.42145,1212311153
+37.79326,-122.42141,1212311155
+37.79208,-122.42089,1212311215
+37.79208,-122.42091,1212311237
+37.79208,-122.42091,1212311256
+37.7907,-122.42075,1212311282
+37.79146,-122.41463,1212311342
+37.79147,-122.41464,1212311351
+37.79107,-122.41751,1212311413
+37.79094,-122.4177,1212311429
+37.7892,-122.42418,1212311484
+37.7885,-122.4296,1212311550
+37.78739,-122.43808,1212311602
+37.78602,-122.44699,1212311661
+37.78196,-122.44763,1212311731
+37.77993,-122.44739,1212311786
+37.78003,-122.44729,1212311803
+37.78029,-122.44733,1212311810
+37.7853,-122.44677,1212311865
+37.78616,-122.44658,1212311926
+37.78765,-122.44391,1212311985
+37.78757,-122.44044,1212312045
+37.78476,-122.43978,1212312105
+37.78234,-122.43936,1212312170
+37.77781,-122.4384,1212312225
+37.77419,-122.43771,1212312285
+37.77378,-122.43747,1212312357
+37.77392,-122.43744,1212312409
+37.77393,-122.43738,1212312467
+37.77381,-122.43742,1212312526
+37.77356,-122.43761,1212312706
+37.77132,-122.43701,1212312766
+37.77188,-122.43224,1212312833
+37.76995,-122.42921,1212312887
+37.76635,-122.4289,1212312949
+37.76466,-122.42585,1212313008
+37.76495,-122.4211,1212313073
+37.76483,-122.41971,1212313111
+37.76483,-122.41971,1212313127
+37.75882,-122.4191,1212313167
+37.75399,-122.41864,1212313227
+37.7504,-122.41833,1212313287
+37.74598,-122.41966,1212313329
+37.74265,-122.42183,1212313389
+37.74097,-122.42043,1212313454
+37.74028,-122.4209,1212313477
+37.74034,-122.42107,1212313479
+37.74034,-122.42099,1212313504
+37.74034,-122.42099,1212313549
+37.73893,-122.414,1212313564
+37.74213,-122.4058,1212313630
+37.74783,-122.40356,1212313684
+37.75968,-122.40611,1212313763
+37.76363,-122.40016,1212313805
+37.76245,-122.39851,1212313833
+37.75902,-122.3982,1212313888
+37.75853,-122.39814,1212313905
+37.75307,-122.39861,1212313970
+37.74994,-122.39632,1212314034
+37.74992,-122.3963,1212314085
+37.75204,-122.39437,1212314154
+37.75202,-122.3947,1212314211
+37.75195,-122.39494,1212314270
+37.75192,-122.39502,1212314325
+37.75174,-122.39528,1212314386
+37.75149,-122.39537,1212314653
+37.75134,-122.39497,1212314725
+37.75162,-122.39381,1212321917
+37.75168,-122.39385,1212321932
+37.75151,-122.39362,1212321998
+37.75153,-122.39361,1212322053
+37.75153,-122.39361,1212322113
+37.75151,-122.39363,1212322161
+37.75149,-122.39362,1212322221
+37.75153,-122.39363,1212322291
+37.75149,-122.39347,1212322353
+37.75148,-122.39349,1212322402
+37.75148,-122.39348,1212322463
+37.75149,-122.39348,1212322522
+37.75137,-122.39507,1212322582
+37.75138,-122.39504,1212322643
+37.75059,-122.39531,1212322703
+37.74963,-122.40317,1212322764
+37.76139,-122.40615,1212322824
+37.7696,-122.41202,1212322885
+37.7715,-122.42305,1212322946
+37.77503,-122.42285,1212323015
+37.78068,-122.42205,1212323066
+37.78305,-122.42255,1212323086
+37.79024,-122.42353,1212323146
+37.79051,-122.42218,1212323163
+37.7935,-122.42466,1212323223
+37.79557,-122.42505,1212323267
+37.79558,-122.42505,1212323269
+37.79605,-122.42851,1212323329
+37.79381,-122.43142,1212323389
+37.79235,-122.43457,1212323438
+37.78983,-122.434,1212323498
+37.79023,-122.43409,1212323536
+37.79026,-122.43414,1212323584
+37.79028,-122.43408,1212323648
+37.79015,-122.43418,1212323659
+37.7902,-122.43408,1212323720
+37.79006,-122.43415,1212323784
+37.79006,-122.43419,1212323839
+37.79013,-122.43413,1212323900
+37.79079,-122.43427,1212323960
+37.79353,-122.43349,1212324020
+37.79378,-122.43131,1212324080
+37.79377,-122.43132,1212324270
+37.79376,-122.43133,1212324320
+37.79376,-122.43134,1212324380
+37.79374,-122.43134,1212324440
+37.79378,-122.43124,1212324481
+37.79388,-122.43053,1212324541
+37.79398,-122.42965,1212324601
+37.79441,-122.4264,1212324658
+37.79323,-122.42292,1212324719
+37.78857,-122.42165,1212324789
+37.78857,-122.42147,1212324791
+37.78689,-122.41975,1212324817
+37.78195,-122.4189,1212324877
+37.77674,-122.41766,1212324937
+37.77142,-122.41108,1212324997
+37.7632,-122.40527,1212325067
+37.74996,-122.40357,1212325112
+37.72427,-122.40153,1212325200
+37.69819,-122.39279,1212325288
+37.66143,-122.40286,1212325427
+37.64842,-122.40669,1212325467
+37.63495,-122.40391,1212325516
+37.62181,-122.40066,1212325557
+37.6149,-122.39087,1212325617
+37.61485,-122.38525,1212325677
+37.61488,-122.38522,1212325688
+37.61492,-122.38519,1212325743
+37.61622,-122.38429,1212325811
+37.61657,-122.38427,1212325812
+37.62376,-122.40072,1212325941
+37.63688,-122.40391,1212325992
+37.67356,-122.38991,1212326124
+37.68711,-122.39011,1212326186
+37.71377,-122.39687,1212326263
+37.7267,-122.40209,1212326311
+37.7352,-122.40478,1212326371
+37.74614,-122.39397,1212326403
+37.75298,-122.39128,1212326432
+37.76334,-122.39255,1212326455
+37.77493,-122.40073,1212326514
+37.76538,-122.39381,1212326575
+37.76254,-122.39791,1212326635
+37.76179,-122.39846,1212326696
+37.76178,-122.39835,1212326757
+37.76179,-122.39836,1212326817
+37.7618,-122.39839,1212326877
+37.76179,-122.39835,1212326937
+37.76178,-122.39835,1212326997
+37.76215,-122.39844,1212327063
+37.76214,-122.39843,1212327071
+37.7639,-122.39544,1212327137
+37.75591,-122.39239,1212327191
+37.74302,-122.39685,1212327241
+37.73056,-122.40372,1212327296
+37.71739,-122.3992,1212327344
+37.70418,-122.39418,1212327398
+37.69105,-122.39121,1212327434
+37.67788,-122.38847,1212327483
+37.642,-122.40622,1212327616
+37.61622,-122.39877,1212327700
+37.61491,-122.38594,1212327760
+37.61801,-122.38613,1212327892
+37.61782,-122.38698,1212327917
+37.61779,-122.38705,1212327918
+37.6401,-122.40553,1212328079
+37.67593,-122.38871,1212328221
+37.68942,-122.39059,1212328270
+37.70262,-122.39357,1212328317
+37.71582,-122.39835,1212328351
+37.7289,-122.40287,1212328401
+37.73958,-122.40002,1212328468
+37.76456,-122.39286,1212328545
+37.77583,-122.4022,1212328620
+37.77853,-122.40548,1212328666
+37.78169,-122.40508,1212328731
+37.78272,-122.40241,1212328802
+37.78188,-122.4042,1212328852
+37.78192,-122.40431,1212328884
+37.7802,-122.40726,1212328920
+37.77718,-122.40401,1212328980
+37.7771,-122.40399,1212329045
+37.77609,-122.4029,1212329109
+37.77778,-122.40051,1212329160
+37.77947,-122.39823,1212329222
+37.78353,-122.39858,1212329282
+37.78687,-122.40128,1212329344
+37.78977,-122.39574,1212329403
+37.79357,-122.39267,1212329464
+37.79579,-122.39438,1212329524
+37.80087,-122.39892,1212329586
+37.80506,-122.40304,1212329645
+37.8081,-122.40892,1212329706
+37.80847,-122.41391,1212329767
+37.80798,-122.41782,1212329834
+37.8077,-122.41969,1212329893
+37.80769,-122.42031,1212329952
+37.80518,-122.42473,1212330009
+37.80247,-122.42479,1212330069
+37.80148,-122.42466,1212330135
+37.79792,-122.42396,1212330196
+37.78894,-122.42219,1212330261
+37.7842,-122.42445,1212330310
+37.77821,-122.42325,1212330370
+37.77277,-122.42201,1212330435
+37.76842,-122.4223,1212330490
+37.76364,-122.42183,1212330550
+37.76138,-122.42162,1212330573
+37.75372,-122.42054,1212330639
+37.75664,-122.41884,1212330694
+37.75684,-122.41885,1212330755
+37.75685,-122.41885,1212330790
+37.75686,-122.41885,1212330792
+37.75849,-122.41906,1212330852
+37.76123,-122.41929,1212330897
+37.7633,-122.41948,1212330927
+37.7741,-122.41739,1212331057
+37.77594,-122.41504,1212331103
+37.78086,-122.40908,1212331163
+37.78271,-122.40666,1212331242
+37.7837,-122.4033,1212331288
+37.78208,-122.40448,1212331349
+37.7822,-122.40442,1212331407
+37.78216,-122.40441,1212331517
+37.7819,-122.40461,1212331567
+37.78183,-122.40436,1212331633
+37.782,-122.4042,1212331695
+37.78187,-122.40435,1212331749
+37.78188,-122.40435,1212331815
+37.7819,-122.40465,1212331881
+37.78189,-122.40464,1212332348
+37.78198,-122.40429,1212332408
+37.78203,-122.40428,1212332469
+37.78191,-122.40421,1212332603
+37.78179,-122.40519,1212333002
+37.78463,-122.40862,1212333066
+37.78428,-122.40875,1212333122
+37.78478,-122.41048,1212333182
+37.78425,-122.41072,1212333250
+37.78509,-122.41037,1212333283
+37.786,-122.40892,1212333343
+37.78617,-122.40628,1212333403
+37.78333,-122.40272,1212333463
+37.77962,-122.39822,1212333524
+37.77679,-122.39474,1212333584
+37.77679,-122.39474,1212333601
+37.77681,-122.39474,1212333615
+37.77777,-122.3918,1212333675
+37.77946,-122.39344,1212333741
+37.78363,-122.39867,1212333800
+37.78665,-122.398,1212333858
+37.7851,-122.40047,1212333924
+37.78721,-122.40355,1212333995
+37.78733,-122.40855,1212334053
+37.787,-122.41166,1212334100
+37.78594,-122.41042,1212334167
+37.78541,-122.41116,1212334227
+37.78554,-122.41094,1212334282
+37.78557,-122.41084,1212334343
+37.78601,-122.41136,1212334402
+37.78563,-122.41076,1212334465
+37.78564,-122.41103,1212334522
+37.78582,-122.4113,1212334584
+37.78792,-122.41054,1212334644
+37.78871,-122.4085,1212334705
+37.78881,-122.40801,1212334765
+37.78873,-122.40863,1212334831
+37.78869,-122.40873,1212334930
+37.78861,-122.4094,1212334989
+37.78866,-122.40879,1212335059
+37.78873,-122.40872,1212335109
+37.78871,-122.40895,1212335178
+37.78865,-122.40862,1212335229
+37.78866,-122.40858,1212335291
+37.78864,-122.40888,1212335351
+37.7885,-122.40952,1212335416
+37.78868,-122.4093,1212335475
+37.78874,-122.40914,1212335533
+37.78882,-122.4087,1212335593
+37.78878,-122.4088,1212335654
+37.78878,-122.40895,1212335714
+37.78885,-122.40857,1212335759
+37.78856,-122.41389,1212335820
+37.78761,-122.42151,1212335879
+37.78901,-122.42374,1212335940
+37.7944,-122.42482,1212336000
+37.7944,-122.42482,1212336021
+37.79768,-122.42716,1212336061
+37.79798,-122.4272,1212336092
+37.79798,-122.42721,1212336097
+37.79811,-122.42719,1212336129
+37.79851,-122.42419,1212336190
+37.80124,-122.4245,1212336250
+37.805,-122.41841,1212336354
+37.80657,-122.41373,1212336405
+37.80789,-122.409,1212336475
+37.80832,-122.40936,1212336484
+37.80841,-122.40999,1212336555
+37.80837,-122.40998,1212336606
+37.80837,-122.40999,1212336648
+37.80841,-122.40999,1212336689
+37.80842,-122.41,1212336749
+37.8084,-122.41,1212336817
+37.8084,-122.41001,1212336881
+37.80842,-122.41,1212336930
+37.80845,-122.4106,1212336991
+37.80677,-122.41387,1212337050
+37.80631,-122.41593,1212337096
+37.8055,-122.41703,1212337168
+37.80128,-122.41169,1212337214
+37.79968,-122.40934,1212337274
+37.79779,-122.40879,1212337339
+37.79519,-122.40857,1212337396
+37.79287,-122.40784,1212337461
+37.78925,-122.40848,1212337521
+37.78856,-122.40842,1212337576
+37.79031,-122.40739,1212337637
+37.78939,-122.40738,1212337702
+37.78953,-122.40818,1212337758
+37.7901,-122.40763,1212337818
+37.78732,-122.40977,1212337879
+37.78703,-122.41126,1212337939
+37.78698,-122.41055,1212337999
+37.78739,-122.41481,1212338059
+37.7881,-122.41085,1212338102
+37.78717,-122.40979,1212338157
+37.78643,-122.41628,1212338217
+37.78561,-122.42268,1212338278
+37.78851,-122.42371,1212338353
+37.79446,-122.42471,1212338402
+37.79919,-122.42615,1212338458
+37.79849,-122.43233,1212338518
+37.79962,-122.43752,1212338714
+37.80013,-122.43346,1212338743
+37.79487,-122.42288,1212338969
+37.78953,-122.42232,1212339030
+37.78935,-122.41572,1212339080
+37.78932,-122.41523,1212339115
+37.7903,-122.40889,1212339176
+37.7883,-122.40703,1212339236
+37.78583,-122.40602,1212339302
+37.78417,-122.4037,1212339367
+37.78226,-122.40131,1212339417
+37.77849,-122.39675,1212339477
+37.77692,-122.39469,1212339537
+37.77694,-122.39463,1212339596
+37.77873,-122.39287,1212339617
+37.78214,-122.39695,1212339686
+37.78604,-122.40192,1212339742
+37.7878,-122.40352,1212339797
+37.78711,-122.40885,1212339853
+37.78761,-122.4095,1212339913
+37.78803,-122.40857,1212339973
+37.78832,-122.40868,1212340033
+37.78839,-122.40872,1212340093
+37.78825,-122.40961,1212340155
+37.78788,-122.40928,1212340223
+37.78784,-122.40974,1212340277
+37.78812,-122.40864,1212340333
+37.78975,-122.40939,1212340384
+37.78779,-122.40847,1212340444
+37.78769,-122.40809,1212340504
+37.78762,-122.40809,1212340564
+37.78764,-122.40795,1212340624
+37.78821,-122.40818,1212340685
+37.78765,-122.4091,1212340734
+37.78587,-122.41589,1212340810
+37.78807,-122.42176,1212340854
+37.79094,-122.42226,1212340914
+37.79125,-122.42185,1212340943
+37.79153,-122.42242,1212340964
+37.79207,-122.42134,1212340984
+37.78968,-122.42046,1212341044
+37.7887,-122.42034,1212341109
+37.78739,-122.4186,1212341184
+37.78773,-122.4153,1212341225
+37.78842,-122.40857,1212341285
+37.78732,-122.41082,1212341345
+37.78756,-122.41091,1212341407
+37.78782,-122.41083,1212341466
+37.78738,-122.41096,1212341533
+37.78747,-122.41093,1212341596
+37.78729,-122.41101,1212341647
+37.78727,-122.41105,1212341708
+37.78712,-122.41091,1212341769
+37.78769,-122.41078,1212341837
+37.78799,-122.41069,1212341890
+37.78873,-122.41054,1212341952
+37.78809,-122.41065,1212342011
+37.78808,-122.41064,1212342105
+37.78742,-122.41085,1212342159
+37.78761,-122.41082,1212342214
+37.78717,-122.4116,1212342274
+37.78779,-122.4131,1212342334
+37.78773,-122.40873,1212342394
+37.78742,-122.40816,1212342454
+37.78727,-122.41059,1212342514
+37.78652,-122.41324,1212342574
+37.7867,-122.41362,1212342618
+37.78545,-122.41632,1212342673
+37.7809,-122.41534,1212342735
+37.77752,-122.41335,1212342805
+37.77482,-122.41337,1212342855
+37.76839,-122.41566,1212342915
+37.76187,-122.41506,1212342975
+37.75902,-122.41479,1212343046
+37.75408,-122.4143,1212343096
+37.75084,-122.4151,1212343156
+37.75084,-122.41511,1212343196
+37.75082,-122.41516,1212343205
+37.75072,-122.417,1212343264
+37.7492,-122.41819,1212343346
+37.7442,-122.42088,1212343433
+37.74323,-122.42146,1212343489
+37.74264,-122.42189,1212343508
+37.7439,-122.4226,1212343568
+37.74623,-122.42221,1212343612
+37.75027,-122.42262,1212343672
+37.7542,-122.42307,1212343741
+37.75825,-122.42348,1212343802
+37.76446,-122.42405,1212343852
+37.77069,-122.4246,1212343912
+37.7717,-122.42355,1212343972
+37.77398,-122.42066,1212344046
+37.77625,-122.41791,1212344093
+37.78022,-122.41293,1212344154
+37.78331,-122.40883,1212344219
+37.7844,-122.40843,1212344291
+37.78459,-122.4102,1212344343
+37.78769,-122.41099,1212344395
+37.79168,-122.41281,1212344493
+37.79167,-122.41282,1212344497
+37.79152,-122.41384,1212344520
+37.79235,-122.41132,1212344583
+37.79168,-122.40908,1212344640
+37.79029,-122.40884,1212344700
+37.7886,-122.40815,1212344761
+37.78679,-122.40797,1212344822
+37.78638,-122.40783,1212344873
+37.78637,-122.40782,1212344889
+37.78552,-122.40787,1212344940
+37.78525,-122.40937,1212345006
+37.78631,-122.41039,1212345057
+37.79121,-122.41213,1212345116
+37.79192,-122.41093,1212345176
+37.79182,-122.41095,1212345236
+37.79181,-122.41099,1212345296
+37.79185,-122.411,1212345356
+37.79181,-122.411,1212345416
+37.79181,-122.411,1212345442
+37.79171,-122.41097,1212345502
+37.79186,-122.4107,1212345568
+37.79247,-122.41084,1212345597
+37.79209,-122.41074,1212345657
+37.79189,-122.41069,1212345717
+37.79191,-122.4107,1212345777
+37.79192,-122.4107,1212345817
+37.79197,-122.41072,1212345882
+37.79196,-122.41064,1212345911
+37.79223,-122.40766,1212345971
+37.79142,-122.40486,1212346031
+37.7929,-122.40088,1212346097
+37.79108,-122.39503,1212346152
+37.79371,-122.39573,1212346216
+37.79352,-122.39343,1212346271
+37.7945,-122.39295,1212346332
+37.79448,-122.39294,1212346359
+37.79597,-122.39458,1212346415
+37.79548,-122.39462,1212346480
+37.79386,-122.39282,1212346535
+37.79395,-122.39554,1212346592
+37.79185,-122.39527,1212346997
+37.79177,-122.39553,1212347043
+37.7951,-122.39671,1212347289
+37.79386,-122.39609,1212347372
+37.79354,-122.39581,1212347436
+37.79121,-122.39272,1212347501
+37.78904,-122.39543,1212347561
+37.78542,-122.39992,1212347612
+37.78286,-122.4018,1212347736
+37.78154,-122.40064,1212347800
+37.77303,-122.40676,1212347852
+37.7595,-122.4062,1212347913
+37.74603,-122.40482,1212347983
+37.73282,-122.40536,1212348036
+37.71984,-122.39986,1212348078
+37.70679,-122.39471,1212348121
+37.67996,-122.38868,1212348208
+37.64363,-122.40637,1212348368
+37.63023,-122.40315,1212348414
+37.61515,-122.38727,1212348522
+37.61796,-122.38658,1212348632
+37.61458,-122.39259,1212348761
+37.61631,-122.38623,1212349162
+37.61634,-122.38625,1212349218
+37.61624,-122.38627,1212349322
+37.61624,-122.38627,1212349336
+37.6163,-122.38628,1212349396
+37.61619,-122.38628,1212349461
+37.6161,-122.38633,1212349504
+37.61622,-122.38625,1212349648
+37.61727,-122.38723,1212351238
+37.62829,-122.4022,1212351370
+37.64133,-122.40585,1212351409
+37.66689,-122.39548,1212351506
+37.67953,-122.38845,1212351552
+37.7062,-122.3944,1212351643
+37.71937,-122.39951,1212351698
+37.73108,-122.40402,1212351747
+37.74456,-122.39516,1212351807
+37.75803,-122.39227,1212351866
+37.77076,-122.39777,1212351918
+37.7759,-122.39437,1212351992
+37.77804,-122.39189,1212352047
+37.78253,-122.39742,1212352093
+37.7848,-122.40003,1212352153
+37.78759,-122.40327,1212352214
+37.78843,-122.40237,1212352280
+37.78829,-122.40154,1212352323
+37.78829,-122.40154,1212352329
+37.78682,-122.39992,1212352385
+37.78615,-122.39909,1212352445
+37.7827,-122.40346,1212352505
+37.78191,-122.40473,1212352572
+37.78178,-122.40504,1212352625
+37.77751,-122.40439,1212352685
+37.77509,-122.40133,1212352746
+37.76885,-122.39751,1212352805
+37.76324,-122.39283,1212352832
+37.7499,-122.39238,1212352888
+37.73818,-122.40138,1212352932
+37.73411,-122.40506,1212352952
+37.72844,-122.40306,1212352975
+37.71566,-122.39851,1212353021
+37.70534,-122.39441,1212353057
+37.69205,-122.39141,1212353102
+37.69205,-122.39141,1212353119
+37.67873,-122.38844,1212353149
+37.62947,-122.40281,1212353343
+37.61624,-122.38609,1212353784
+37.61622,-122.38614,1212353904
+37.61623,-122.38612,1212353951
+37.61623,-122.38612,1212354015
+37.61623,-122.38611,1212354076
+37.61623,-122.38609,1212354204
+37.61624,-122.38608,1212354259
+37.61625,-122.38607,1212354308
+37.61629,-122.38606,1212354355
+37.61629,-122.38605,1212354402
+37.61626,-122.38604,1212354463
+37.61624,-122.38605,1212354522
+37.61619,-122.38613,1212354648
+37.61623,-122.3861,1212354719
+37.61621,-122.38611,1212354762
+37.61461,-122.39026,1212356109
+37.61503,-122.39013,1212356223
+37.61502,-122.39018,1212356224
+37.61486,-122.39585,1212356289
+37.62567,-122.40107,1212356344
+37.6668,-122.39556,1212356530
+37.69233,-122.39128,1212356617
+37.7187,-122.39933,1212356719
+37.73401,-122.40486,1212356766
+37.74493,-122.3949,1212356827
+37.75807,-122.39223,1212356870
+37.77087,-122.3974,1212356934
+37.77564,-122.40197,1212356988
+37.77768,-122.40443,1212357049
+37.77832,-122.40527,1212357120
+37.78006,-122.40378,1212357171
+37.781,-122.4042,1212357239
+37.78216,-122.40569,1212357297
+37.78259,-122.40502,1212357350
+37.78245,-122.40424,1212357427
+37.78201,-122.40427,1212357477
+37.78217,-122.40423,1212357547
+37.78228,-122.40431,1212357568
+37.78236,-122.40439,1212357570
+37.78246,-122.40452,1212357690
+37.78171,-122.40411,1212357762
+37.77996,-122.40689,1212357816
+37.77783,-122.40476,1212357871
+37.77597,-122.40249,1212357931
+37.76639,-122.39469,1212357997
+37.75489,-122.39234,1212358053
+37.75029,-122.39253,1212358108
+37.75193,-122.39492,1212358362
+37.7515,-122.39484,1212358376
+37.75153,-122.39489,1212358919
+37.75004,-122.39536,1212358999
+37.74983,-122.39481,1212359011
+37.75255,-122.39252,1212359071
+37.76023,-122.39225,1212359137
+37.772,-122.39776,1212359192
+37.7764,-122.3989,1212359252
+37.77692,-122.39515,1212359331
+37.7785,-122.39294,1212359372
+37.78059,-122.39069,1212359432
+37.78115,-122.3885,1212359493
+37.77927,-122.39054,1212359553
+37.78034,-122.39006,1212359619
+37.78021,-122.38979,1212359636
+37.77968,-122.39151,1212359694
+37.78173,-122.38884,1212359756
+37.78609,-122.38775,1212359826
+37.79272,-122.39111,1212359874
+37.79439,-122.3929,1212359933
+37.79439,-122.39291,1212359988
+37.7944,-122.39291,1212360008
+37.7944,-122.39291,1212360018
+37.79763,-122.39601,1212360079
+37.80217,-122.40007,1212360138
+37.80478,-122.40266,1212360193
+37.80627,-122.40866,1212360252
+37.8057,-122.41325,1212360315
+37.80566,-122.4178,1212360370
+37.80678,-122.41933,1212360457
+37.80767,-122.42024,1212360583
+37.80764,-122.42048,1212360623
+37.80765,-122.4205,1212360658
+37.80756,-122.42069,1212360705
+37.80673,-122.41964,1212360733
+37.80605,-122.41855,1212360793
+37.80632,-122.41565,1212360853
+37.80711,-122.40951,1212360918
+37.80689,-122.40633,1212360973
+37.8045,-122.40266,1212361048
+37.80113,-122.39944,1212361094
+37.79681,-122.39574,1212361154
+37.79312,-122.39192,1212361216
+37.79043,-122.38975,1212361294
+37.78758,-122.38802,1212361336
+37.78338,-122.38833,1212361396
+37.77897,-122.39094,1212361456
+37.77853,-122.39163,1212361517
+37.77857,-122.39169,1212361577
+37.77836,-122.39164,1212361638
+37.7784,-122.39159,1212361700
+37.7767,-122.39377,1212361764
+37.77389,-122.39719,1212361824
+37.76067,-122.39258,1212361879
+37.74738,-122.39356,1212361921
+37.73664,-122.4033,1212361969
+37.72302,-122.40098,1212362019
+37.71008,-122.39546,1212362073
+37.69691,-122.39252,1212362110
+37.68365,-122.38949,1212362161
+37.62859,-122.40293,1212362382
+37.61549,-122.39859,1212362436
+37.61551,-122.3972,1212362685
+37.62847,-122.4018,1212362741
+37.64622,-122.40579,1212362849
+37.64622,-122.40579,1212362850
+37.64624,-122.40578,1212362910
+37.6461,-122.40532,1212363037
+37.65149,-122.40672,1212363101
+37.66357,-122.39923,1212363150
+37.67444,-122.38936,1212363196
+37.69638,-122.39219,1212363251
+37.72249,-122.40055,1212363343
+37.73629,-122.40322,1212363399
+37.74732,-122.39328,1212363451
+37.76071,-122.39227,1212363505
+37.77261,-122.39836,1212363556
+37.77572,-122.39772,1212363618
+37.77675,-122.39475,1212363677
+37.77678,-122.3947,1212363743
+37.77672,-122.39473,1212363804
+37.7767,-122.39471,1212363866
+37.77674,-122.39469,1212363919
+37.77704,-122.39484,1212363984
+37.7768,-122.39531,1212364040
+37.77657,-122.39551,1212364106
+37.77658,-122.39553,1212364162
+37.77666,-122.39545,1212364225
+37.77683,-122.3953,1212364347
+37.77673,-122.39536,1212364407
+37.77697,-122.39508,1212364462
+37.78003,-122.39112,1212364526
+37.78042,-122.39066,1212364538
+37.77981,-122.38952,1212364610
+37.78427,-122.38789,1212364665
+37.78957,-122.3883,1212364720
+37.79234,-122.39077,1212364755
+37.79363,-122.39219,1212364778
+37.79568,-122.39431,1212364839
+37.79655,-122.39515,1212364870
+37.79655,-122.39515,1212364874
+37.79657,-122.39516,1212364907
+37.79704,-122.39893,1212364961
+37.79635,-122.40056,1212365022
+37.79634,-122.40057,1212365123
+37.79628,-122.40058,1212365177
+37.79631,-122.40057,1212365198
+37.79222,-122.40191,1212365260
+37.79196,-122.4025,1212365313
+37.79115,-122.40762,1212365374
+37.79099,-122.40959,1212365400
+37.79007,-122.41682,1212365460
+37.78948,-122.4216,1212365515
+37.78743,-122.42185,1212365584
+37.78597,-122.42155,1212365645
+37.787,-122.42169,1212365695
+37.78683,-122.42014,1212365764
+37.78639,-122.4199,1212365788
+37.78632,-122.41988,1212365790
+37.78395,-122.41935,1212365850
+37.78151,-122.41901,1212365910
+37.77756,-122.41799,1212365982
+37.77762,-122.41646,1212366030
+37.77951,-122.41388,1212366090
+37.77204,-122.43006,1212366406
+37.7721,-122.43006,1212366457
+37.77214,-122.43004,1212366518
+37.77213,-122.43005,1212366579
+37.77212,-122.43007,1212366640
+37.77214,-122.43007,1212366704
+37.76808,-122.42908,1212366820
+37.76725,-122.42902,1212366851
+37.76456,-122.42878,1212366910
+37.76304,-122.42648,1212366974
+37.76312,-122.42429,1212367037
+37.76342,-122.41978,1212367090
+37.76354,-122.41706,1212367164
+37.76415,-122.41259,1212367226
+37.76253,-122.41025,1212367278
+37.76121,-122.41011,1212367307
+37.76121,-122.41011,1212367309
+37.76296,-122.41024,1212367377
+37.76764,-122.41066,1212367433
+37.7711,-122.40888,1212367499
+37.77177,-122.41106,1212367552
+37.77128,-122.4133,1212367622
+37.77237,-122.41337,1212367659
+37.7737,-122.41179,1212367722
+37.77668,-122.40789,1212367781
+37.77785,-122.40654,1212367812
+37.78186,-122.40526,1212367867
+37.78368,-122.40787,1212367935
+37.78632,-122.40901,1212367981
+37.78658,-122.40827,1212368002
+37.78646,-122.40829,1212368018
+37.78903,-122.41068,1212368144
+37.78924,-122.41545,1212368200
+37.7911,-122.41723,1212368260
+37.79279,-122.41779,1212368320
+37.79759,-122.41879,1212368380
+37.79759,-122.41879,1212368400
+37.80034,-122.41932,1212368441
+37.80155,-122.41956,1212368494
+37.80199,-122.41958,1212368495
+37.8047,-122.42019,1212368571
+37.80649,-122.42055,1212368668
+37.80669,-122.42057,1212368701
+37.80609,-122.41727,1212368752
+37.80654,-122.41403,1212368810
+37.80689,-122.41097,1212368865
+37.80732,-122.40767,1212368926
+37.80689,-122.4065,1212368981
+37.80461,-122.40279,1212369051
+37.80097,-122.39937,1212369101
+37.79772,-122.39641,1212369226
+37.79623,-122.39523,1212369281
+37.79442,-122.39356,1212369341
+37.79509,-122.39368,1212369401
+37.79658,-122.39524,1212369463
+37.79658,-122.39523,1212369475
+37.79612,-122.39832,1212369524
+37.79627,-122.3983,1212369585
+37.79625,-122.39833,1212369645
+37.79622,-122.39905,1212369712
+37.79493,-122.4015,1212369782
+37.79148,-122.39947,1212369832
+37.78874,-122.40267,1212369896
+37.78684,-122.40502,1212369946
+37.78414,-122.40811,1212370006
+37.78449,-122.40859,1212370026
+37.78462,-122.40863,1212370042
+37.78477,-122.41441,1212370101
+37.78672,-122.41489,1212370157
+37.78923,-122.41528,1212370188
+37.79376,-122.41626,1212370247
+37.79441,-122.41917,1212370307
+37.7943,-122.42031,1212370368
+37.7943,-122.42046,1212370408
+37.79427,-122.42056,1212370410
+37.79423,-122.42085,1212370412
+37.79625,-122.41861,1212370472
+37.79785,-122.40669,1212370542
+37.7985,-122.40139,1212370592
+37.79679,-122.4006,1212370670
+37.79669,-122.40061,1212370676
+37.79669,-122.40061,1212370677
+37.79503,-122.4016,1212370739
+37.79342,-122.40031,1212370799
+37.79207,-122.39987,1212370858
+37.78794,-122.40337,1212370917
+37.78555,-122.40649,1212370987
+37.78495,-122.40488,1212371043
+37.78508,-122.40465,1212371081
+37.78346,-122.4027,1212371146
+37.78146,-122.40048,1212371206
+37.77364,-122.40679,1212371271
+37.76104,-122.40637,1212371321
+37.74769,-122.40432,1212371381
+37.73408,-122.40617,1212371447
+37.72165,-122.40048,1212371490
+37.70896,-122.39519,1212371543
+37.69582,-122.39231,1212371586
+37.68261,-122.38928,1212371622
+37.61783,-122.38716,1212372005
+37.61782,-122.38716,1212372067
+37.61782,-122.38716,1212372082
+37.64054,-122.40569,1212372244
+37.67712,-122.38844,1212372379
+37.67712,-122.38844,1212372399
+37.69071,-122.39095,1212372445
+37.70394,-122.39393,1212372483
+37.71713,-122.39897,1212372520
+37.72995,-122.40362,1212372570
+37.73702,-122.40674,1212372650
+37.74192,-122.40475,1212372697
+37.74213,-122.4049,1212372745
+37.74226,-122.40523,1212372875
+37.7534,-122.40286,1212372989
+37.76698,-122.4051,1212373048
+37.77105,-122.40866,1212373113
+37.77018,-122.41307,1212373209
+37.77015,-122.41334,1212373265
+37.77022,-122.4134,1212373325
+37.77018,-122.41339,1212373376
+37.77018,-122.41338,1212373380
+37.7698,-122.4173,1212373443
+37.76976,-122.4244,1212373498
+37.7692,-122.42684,1212373566
+37.76136,-122.42616,1212373742
+37.75695,-122.42573,1212373812
+37.75159,-122.42521,1212373861
+37.74916,-122.42843,1212373921
+37.7477,-122.43157,1212373985
+37.74686,-122.43145,1212374034
+37.74681,-122.43145,1212374035
+37.74732,-122.43146,1212374092
+37.74809,-122.42936,1212374153
+37.74925,-122.42715,1212374217
+37.75086,-122.42786,1212374237
+37.75144,-122.43206,1212374338
+37.75305,-122.43318,1212374383
+37.75326,-122.42828,1212374441
+37.75419,-122.42529,1212374512
+37.761,-122.42596,1212374562
+37.7631,-122.42199,1212374636
+37.76308,-122.42152,1212374642
+37.7631,-122.42134,1212374644
+37.76651,-122.41982,1212374714
+37.76851,-122.42027,1212374743
+37.76851,-122.42028,1212374797
+37.76855,-122.42029,1212374923
+37.76858,-122.42038,1212374978
+37.76857,-122.42037,1212375042
+37.7699,-122.4199,1212375098
+37.76949,-122.41642,1212375165
+37.77077,-122.41514,1212375203
+37.77269,-122.413,1212375259
+37.77475,-122.41042,1212375328
+37.77794,-122.40922,1212375382
+37.78183,-122.41387,1212375435
+37.78427,-122.4144,1212375466
+37.78824,-122.41551,1212375532
+37.78824,-122.41551,1212375556
+37.78824,-122.41551,1212375563
+37.78915,-122.4156,1212375577
+37.78767,-122.41347,1212375638
+37.78317,-122.41264,1212375698
+37.78021,-122.40779,1212375764
+37.77498,-122.40128,1212375855
+37.76849,-122.39727,1212375910
+37.75557,-122.39246,1212375957
+37.75079,-122.39345,1212376019
+37.75139,-122.3954,1212376078
+37.75139,-122.39542,1212376149
+37.75163,-122.39485,1212379786
+37.75086,-122.3954,1212379861
+37.74948,-122.4019,1212380010
+37.75496,-122.40293,1212380073
+37.76607,-122.40483,1212380134
+37.77577,-122.40666,1212380232
+37.77678,-122.40792,1212380236
+37.78032,-122.41233,1212380295
+37.77968,-122.41366,1212380354
+37.77783,-122.41637,1212380420
+37.78311,-122.4175,1212380475
+37.78579,-122.41781,1212380536
+37.78635,-122.41967,1212380597
+37.78809,-122.42025,1212380658
+37.78948,-122.42192,1212380718
+37.79014,-122.42217,1212380779
+37.79044,-122.42075,1212380840
+37.78891,-122.4203,1212380889
+37.78705,-122.41843,1212380949
+37.78723,-122.41686,1212380970
+37.78789,-122.41218,1212381030
+37.78811,-122.4107,1212381090
+37.78821,-122.41062,1212381148
+37.78835,-122.40738,1212381200
+37.78888,-122.40613,1212381255
+37.78883,-122.40234,1212381316
+37.79015,-122.401,1212381376
+37.79149,-122.39921,1212381437
+37.79326,-122.39576,1212381498
+37.79327,-122.39267,1212381569
+37.7932,-122.39191,1212381634
+37.79318,-122.39223,1212381655
+37.79317,-122.39225,1212381734
+37.7931,-122.39208,1212381740
+37.79099,-122.39316,1212381796
+37.79119,-122.39475,1212381861
+37.79248,-122.39684,1212381921
+37.7923,-122.39818,1212381943
+37.79072,-122.40058,1212382005
+37.79063,-122.40222,1212382027
+37.79006,-122.40405,1212382085
+37.79365,-122.40606,1212382142
+37.79107,-122.41042,1212382202
+37.79013,-122.41757,1212382263
+37.78948,-122.42161,1212382324
+37.78805,-122.43345,1212382446
+37.78852,-122.43371,1212382482
+37.78861,-122.43371,1212382484
+37.78887,-122.43385,1212382503
+37.78815,-122.43987,1212382563
+37.78646,-122.44027,1212382624
+37.78378,-122.43949,1212382689
+37.78078,-122.43905,1212382749
+37.77613,-122.43815,1212382804
+37.77402,-122.43818,1212382864
+37.77296,-122.43882,1212382924
+37.77299,-122.43862,1212382926
+37.77129,-122.43669,1212382976
+37.77414,-122.43592,1212383084
+37.77784,-122.4367,1212383143
+37.77862,-122.43853,1212383213
+37.77866,-122.43942,1212383237
+37.77865,-122.43942,1212383293
+37.77857,-122.43949,1212383353
+37.77862,-122.43949,1212383415
+37.77859,-122.43947,1212383477
+37.77855,-122.43939,1212383512
+37.78231,-122.4392,1212383572
+37.78403,-122.43982,1212383632
+37.78608,-122.43862,1212383693
+37.78711,-122.43246,1212383753
+37.78817,-122.42473,1212383814
+37.78917,-122.42355,1212383858
+37.7936,-122.42467,1212383919
+37.7997,-122.42585,1212383979
+37.80128,-122.42619,1212384040
+37.80428,-122.42401,1212384099
+37.80491,-122.41865,1212384161
+37.80392,-122.41555,1212384219
+37.80392,-122.41554,1212384269
+37.80393,-122.41554,1212384282
+37.80131,-122.41197,1212384330
+37.7997,-122.40963,1212384406
+37.79975,-122.40954,1212384411
+37.79768,-122.40853,1212384471
+37.79606,-122.42152,1212384589
+37.79606,-122.42152,1212384591
+37.7909,-122.42079,1212384650
+37.78914,-122.42049,1212384711
+37.78579,-122.41978,1212384774
+37.78313,-122.41926,1212384832
+37.78336,-122.41866,1212384904
+37.78335,-122.41865,1212385042
+37.78332,-122.41867,1212385098
+37.78331,-122.41871,1212385154
+37.78333,-122.41871,1212385214
+37.78333,-122.41872,1212385374
+37.7834,-122.41873,1212385437
+37.78345,-122.4187,1212385503
+37.78349,-122.41868,1212385580
+37.78333,-122.4187,1212385646
+37.7841,-122.41761,1212385707
+37.78584,-122.41812,1212385756
+37.78571,-122.42093,1212385820
+37.78609,-122.42153,1212385875
+37.78699,-122.41837,1212385936
+37.78637,-122.41644,1212386008
+37.78118,-122.41555,1212386056
+37.77931,-122.41394,1212386115
+37.78016,-122.41288,1212386149
+37.78021,-122.41278,1212386209
+37.78022,-122.41279,1212386210
+37.78026,-122.41273,1212386246
+37.7817,-122.40941,1212386302
+37.78012,-122.41206,1212386363
+37.78094,-122.41486,1212386428
+37.78029,-122.41931,1212386484
+37.78277,-122.42261,1212386551
+37.78707,-122.42272,1212386607
+37.78732,-122.4227,1212386612
+37.78702,-122.42181,1212386672
+37.78583,-122.42139,1212386732
+37.78269,-122.42272,1212386800
+37.78245,-122.42407,1212386856
+37.78099,-122.42856,1212386912
+37.77992,-122.43031,1212386981
+37.77992,-122.42953,1212387032
+37.77989,-122.42951,1212387159
+37.7799,-122.42949,1212387215
+37.77992,-122.42952,1212387280
+37.77993,-122.42955,1212387339
+37.77989,-122.42953,1212387398
+37.77994,-122.42954,1212387463
+37.77994,-122.42956,1212387508
+37.77995,-122.42961,1212387529
+37.77992,-122.42955,1212387593
+37.77992,-122.42954,1212387654
+37.77993,-122.42955,1212387710
+37.77994,-122.42955,1212387770
+37.77993,-122.42952,1212387890
+37.77993,-122.42952,1212387955
+37.78007,-122.42809,1212388009
+37.781,-122.42715,1212388075
+37.78537,-122.42801,1212388136
+37.78657,-122.4282,1212388202
+37.78645,-122.43042,1212388231
+37.7875,-122.42956,1212388292
+37.7875,-122.42956,1212388338
+37.78751,-122.42957,1212388345
+37.78753,-122.42957,1212388400
+37.78782,-122.42709,1212388465
+37.78838,-122.42231,1212388524
+37.78842,-122.42221,1212388547
+37.78848,-122.42164,1212388564
+37.78918,-122.41733,1212388629
+37.78989,-122.41063,1212388684
+37.79118,-122.40303,1212388745
+37.79084,-122.40254,1212388783
+37.79084,-122.40254,1212388789
+37.78888,-122.40204,1212388845
+37.78714,-122.40449,1212388879
+37.78551,-122.40642,1212388939
+37.78249,-122.40966,1212389004
+37.78101,-122.41249,1212389059
+37.77899,-122.41442,1212389129
+37.77867,-122.41493,1212389173
+37.77775,-122.41726,1212389224
+37.77762,-122.41966,1212389275
+37.77981,-122.42205,1212389335
+37.78504,-122.42292,1212389395
+37.78885,-122.4267,1212389448
+37.78781,-122.4347,1212389520
+37.79009,-122.43742,1212389569
+37.79021,-122.43742,1212389643
+37.79035,-122.43702,1212389652
+37.79002,-122.43407,1212389703
+37.78934,-122.4298,1212389753
+37.79044,-122.42266,1212389815
+37.78916,-122.42047,1212389873
+37.78709,-122.41973,1212389950
+37.78663,-122.41652,1212389995
+37.78285,-122.41577,1212390361
+37.77634,-122.41482,1212390362
+37.77637,-122.41507,1212390363
+37.77655,-122.41508,1212390409
+37.77638,-122.41514,1212390469
+37.77644,-122.41519,1212390529
+37.77655,-122.41521,1212390590
+37.77649,-122.41512,1212390650
+37.77643,-122.41508,1212390711
+37.77637,-122.41505,1212390771
+37.77641,-122.41507,1212390832
+37.77642,-122.41508,1212390924
+37.7764,-122.41508,1212390987
+37.77642,-122.41504,1212391044
+37.77643,-122.415,1212391077
+37.77639,-122.41504,1212391139
+37.77637,-122.41502,1212391207
+37.78073,-122.41695,1212391256
+37.78582,-122.41794,1212391315
+37.78597,-122.4194,1212391375
+37.78669,-122.41986,1212391443
+37.78667,-122.41986,1212391495
+37.78667,-122.41984,1212391556
+37.78663,-122.41992,1212391621
+37.78662,-122.41992,1212391677
+37.78663,-122.4199,1212391737
+37.78668,-122.41986,1212391797
+37.78707,-122.41853,1212391858
+37.78757,-122.41494,1212391917
+37.78748,-122.41002,1212391978
+37.78666,-122.40976,1212392038
+37.7842,-122.40829,1212392098
+37.78198,-122.40994,1212392158
+37.78203,-122.4104,1212392214
+37.78096,-122.4135,1212392274
+37.77889,-122.41496,1212392334
+37.7751,-122.41014,1212392395
+37.77547,-122.40956,1212392423
+37.77547,-122.40956,1212392444
+37.7767,-122.40803,1212392490
+37.77819,-122.4096,1212392545
+37.77963,-122.41367,1212392605
+37.77586,-122.41848,1212392674
+37.77114,-122.42443,1212392793
+37.76878,-122.42746,1212392846
+37.76105,-122.43509,1212392971
+37.75937,-122.43494,1212393027
+37.76055,-122.43501,1212393091
+37.76054,-122.43495,1212393147
+37.76065,-122.43492,1212393207
+37.76064,-122.43492,1212393281
+37.76064,-122.43492,1212393327
+37.76063,-122.43492,1212393387
+37.76064,-122.43493,1212393448
+37.76064,-122.43492,1212393509
+37.7605,-122.43493,1212393570
+37.76069,-122.43497,1212393631
+37.76071,-122.43497,1212393692
+37.76078,-122.43499,1212393752
+37.76076,-122.43494,1212393812
+37.76076,-122.43493,1212393819
+37.76267,-122.43486,1212393879
+37.7661,-122.43061,1212393939
+37.76953,-122.42626,1212393999
+37.77028,-122.42464,1212394048
+37.77028,-122.42464,1212394050
+37.76534,-122.4242,1212394112
+37.76466,-122.42657,1212394172
+37.76208,-122.43069,1212394233
+37.75939,-122.43328,1212394294
+37.76227,-122.43505,1212394360
+37.76233,-122.43508,1212394401
+37.76564,-122.43125,1212394457
+37.76948,-122.42639,1212394517
+37.77345,-122.42137,1212394582
+37.77622,-122.4179,1212394642
+37.77656,-122.41736,1212394702
+37.77674,-122.41719,1212394712
+37.77927,-122.41393,1212394774
+37.78053,-122.41236,1212394832
+37.78068,-122.4119,1212394893
+37.78073,-122.41199,1212394953
+37.7808,-122.41207,1212395014
+37.78072,-122.41195,1212395047
+37.78164,-122.40914,1212395107
+37.77894,-122.41118,1212395167
+37.77637,-122.4148,1212395227
+37.77845,-122.41427,1212395288
+37.77864,-122.4145,1212395348
+37.77861,-122.41446,1212395409
+37.77765,-122.4133,1212395469
+37.77963,-122.41139,1212395531
+37.78078,-122.41191,1212395591
+37.78074,-122.4119,1212395652
+37.78196,-122.4106,1212395721
+37.7833,-122.40785,1212395773
+37.78533,-122.40881,1212395834
+37.78739,-122.40799,1212395894
+37.79125,-122.40876,1212395955
+37.7945,-122.4098,1212396015
+37.79648,-122.41006,1212396057
+37.79795,-122.40578,1212396117
+37.79796,-122.40567,1212396163
+37.79797,-122.40567,1212396164
+37.79819,-122.40497,1212396224
+37.79829,-122.40709,1212396284
+37.79819,-122.40716,1212396344
+37.79775,-122.40839,1212396404
+37.79737,-122.41084,1212396431
+37.79562,-122.42171,1212396491
+37.7921,-122.42103,1212396551
+37.78973,-122.42058,1212396611
+37.78913,-122.42046,1212396641
+37.7884,-122.42015,1212396686
+37.78737,-122.42324,1212396746
+37.78736,-122.42447,1212396806
+37.78162,-122.42442,1212396876
+37.78028,-122.43577,1212396938
+37.77805,-122.44352,1212396993
+37.77539,-122.44373,1212397054
+37.77534,-122.44373,1212397076
+37.77495,-122.44605,1212397124
+37.77355,-122.44952,1212397185
+37.77293,-122.45408,1212397245
+37.77182,-122.45415,1212397305
+37.76953,-122.4509,1212397368
+37.77018,-122.44563,1212397425
+37.77082,-122.44061,1212397486
+37.76821,-122.43577,1212397551
+37.76296,-122.43529,1212397606
+37.76106,-122.43513,1212397671
+37.76069,-122.43493,1212397726
+37.7607,-122.43494,1212397786
+37.7607,-122.43496,1212397847
+37.76075,-122.43493,1212397907
+37.76074,-122.43491,1212397968
+37.76075,-122.43494,1212398037
+37.76074,-122.43493,1212398088
+37.76076,-122.43492,1212398120
+37.76115,-122.4307,1212398180
+37.76137,-122.42608,1212398241
+37.75946,-122.42364,1212398296
+37.7569,-122.42343,1212398357
+37.74927,-122.42269,1212398422
+37.74244,-122.42331,1212398477
+37.74008,-122.42355,1212398539
+37.73364,-122.42649,1212398609
+37.7309,-122.42557,1212398658
+37.73099,-122.42023,1212398719
+37.73013,-122.42031,1212398762
+37.73013,-122.42031,1212398764
+37.73083,-122.42099,1212398824
+37.73313,-122.41229,1212398884
+37.74519,-122.40494,1212398946
+37.75206,-122.40285,1212398968
+37.76536,-122.40489,1212399023
+37.77537,-122.40618,1212399083
+37.77819,-122.40968,1212399143
+37.77926,-122.41251,1212399203
+37.77939,-122.41259,1212399263
+37.77934,-122.41246,1212399328
+37.77962,-122.41367,1212399383
+37.77854,-122.41661,1212399445
+37.78406,-122.4177,1212399505
+37.78613,-122.41827,1212399566
+37.78683,-122.41965,1212399626
+37.78691,-122.41949,1212399641
+37.78555,-122.41636,1212399701
+37.78401,-122.41608,1212399761
+37.78281,-122.41443,1212399821
+37.78269,-122.41443,1212399840
+37.78297,-122.41757,1212399896
+37.78599,-122.41807,1212399956
+37.78762,-122.42007,1212400020
+37.78956,-122.42147,1212400081
+37.78959,-122.42204,1212400124
+37.78958,-122.4222,1212400185
+37.78961,-122.42205,1212400245
+37.78955,-122.42209,1212400305
+37.78957,-122.42205,1212400366
+37.78959,-122.42206,1212400426
+37.78957,-122.42207,1212400487
+37.78945,-122.42222,1212400547
+37.78955,-122.42204,1212400608
+37.78965,-122.42211,1212400668
+37.78966,-122.42205,1212400729
+37.78966,-122.42205,1212400789
+37.78956,-122.4222,1212400850
+37.78949,-122.42229,1212400910
+37.78951,-122.42229,1212400971
+37.78957,-122.42216,1212401032
+37.78949,-122.4224,1212401093
+37.78951,-122.42231,1212401153
+37.78957,-122.42219,1212401214
+37.78951,-122.42221,1212401274
+37.78955,-122.42215,1212401312
+37.79056,-122.42077,1212401372
+37.79075,-122.41922,1212401395
+37.7886,-122.41692,1212401454
+37.78762,-122.41672,1212401511
+37.78762,-122.41671,1212401571
+37.78764,-122.41679,1212401631
+37.78764,-122.41679,1212401633
+37.78321,-122.41582,1212401693
+37.77862,-122.41485,1212401754
+37.77513,-122.40992,1212401814
+37.77652,-122.41126,1212401881
+37.77419,-122.41425,1212401934
+37.7714,-122.41625,1212401994
+37.7697,-122.41557,1212402054
+37.76462,-122.41537,1212402115
+37.75967,-122.41488,1212402175
+37.75672,-122.4146,1212402236
+37.75673,-122.41459,1212402275
+37.75673,-122.41459,1212402276
+37.75558,-122.41698,1212402336
+37.75851,-122.41902,1212402396
+37.76176,-122.41923,1212402456
+37.7646,-122.41969,1212402517
+37.76686,-122.41985,1212402559
+37.76984,-122.42003,1212402620
+37.77658,-122.4195,1212402680
+37.7805,-122.42029,1212402741
+37.78325,-122.41776,1212402802
+37.78478,-122.41784,1212402862
+37.78488,-122.41809,1212402922
+37.78488,-122.41809,1212402924
+37.78524,-122.41798,1212402984
+37.78698,-122.4199,1212403044
+37.78942,-122.42047,1212403104
+37.78962,-122.42208,1212403165
+37.78963,-122.42204,1212403205
+37.78966,-122.42211,1212403265
+37.78967,-122.42212,1212403326
+37.78964,-122.42205,1212403386
+37.78964,-122.4221,1212403446
+37.78964,-122.42206,1212403506
+37.78976,-122.42202,1212403567
+37.7896,-122.42213,1212403627
+37.78965,-122.42171,1212403688
+37.78964,-122.42191,1212403748
+37.78966,-122.42194,1212403813
+37.78964,-122.42195,1212403869
+37.78965,-122.42198,1212403930
+37.78968,-122.42197,1212403990
+37.78968,-122.42219,1212404051
+37.78967,-122.42218,1212404077
+37.79363,-122.42314,1212404137
+37.792,-122.42279,1212404197
+37.79202,-122.42277,1212404208
+37.79121,-122.42409,1212404268
+37.786,-122.42482,1212404328
+37.77875,-122.42344,1212404391
+37.77724,-122.42791,1212404448
+37.7747,-122.4294,1212404509
+37.77471,-122.4294,1212404518
+37.77471,-122.42939,1212404578
+37.77471,-122.42939,1212404591
+37.77444,-122.4277,1212404651
+37.77621,-122.42815,1212404711
+37.77758,-122.43144,1212404771
+37.78231,-122.43259,1212404836
+37.78484,-122.42809,1212404891
+37.7846,-122.42275,1212404951
+37.78498,-122.41983,1212405011
+37.78712,-122.4182,1212405076
+37.78756,-122.41294,1212405132
+37.788,-122.41086,1212405154
+37.78687,-122.41295,1212405214
+37.78598,-122.41214,1212405266
+37.78591,-122.41226,1212405366
+37.78588,-122.41224,1212405427
+37.78588,-122.41223,1212405429
+37.78616,-122.41117,1212405490
+37.78426,-122.40915,1212405551
+37.78267,-122.40646,1212405621
+37.77852,-122.4025,1212405671
+37.77715,-122.40402,1212405735
+37.76889,-122.39764,1212405798
+37.75572,-122.39248,1212405850
+37.7501,-122.39293,1212405915
+37.75137,-122.39421,1212405975
+37.7513,-122.39505,1212406012
+37.75117,-122.39538,1212406018
+37.74961,-122.39724,1212406089
+37.74677,-122.39645,1212406142
+37.74674,-122.3963,1212406170
+37.74678,-122.39646,1212406230
+37.74677,-122.39643,1212406290
+37.74679,-122.39649,1212406350
+37.74585,-122.39725,1212406411
+37.74171,-122.40096,1212406470
+37.74297,-122.40504,1212406517
+37.73448,-122.40571,1212406571
+37.73064,-122.403,1212406637
+37.73064,-122.40303,1212406701
+37.7307,-122.40298,1212406758
+37.73068,-122.40293,1212406812
+37.73066,-122.40295,1212406872
+37.7312,-122.40376,1212406932
+37.73573,-122.40767,1212406992
+37.74606,-122.40425,1212407052
+37.74962,-122.39806,1212407137
+37.75011,-122.3934,1212407178
+37.75192,-122.39496,1212407243
+37.75153,-122.39516,1212407269
+37.75151,-122.39512,1212407330
+37.75144,-122.39516,1212407512
+37.75173,-122.39474,1212407583
+37.75172,-122.39457,1212407643
+37.75172,-122.39457,1212407693
+37.75172,-122.39459,1212407758
+37.7483,-122.41128,1212419240
+37.74824,-122.41475,1212419299
+37.74372,-122.42658,1212419489
+37.74761,-122.42705,1212419554
+37.74889,-122.42716,1212419598
+37.7515,-122.42736,1212419659
+37.75182,-122.42509,1212419718
+37.7519,-122.4234,1212419778
+37.75207,-122.42103,1212419839
+37.75217,-122.41908,1212419899
+37.75217,-122.41906,1212419925
+37.75218,-122.41905,1212419927
+37.75108,-122.41841,1212419972
+37.75042,-122.42221,1212420023
+37.75032,-122.42376,1212420088
+37.7508,-122.42736,1212420148
+37.75168,-122.42843,1212420195
+37.75334,-122.42674,1212420254
+37.75759,-122.42569,1212420313
+37.75812,-122.42573,1212420374
+37.76349,-122.42624,1212420434
+37.7671,-122.42661,1212420494
+37.76875,-122.42673,1212420526
+37.77006,-122.42567,1212420569
+37.77145,-122.42385,1212420629
+37.77379,-122.42091,1212420689
+37.77481,-122.41961,1212420750
+37.77539,-122.41891,1212420810
+37.77758,-122.41687,1212420871
+37.78136,-122.4112,1212421001
+37.78136,-122.4112,1212421014
+37.78431,-122.40779,1212421052
+37.78733,-122.40396,1212421116
+37.78877,-122.40215,1212421172
+37.78905,-122.4024,1212421194
+37.78905,-122.4024,1212421195
+37.79023,-122.40029,1212421245
+37.79089,-122.39863,1212421306
+37.79304,-122.39697,1212421377
+37.79429,-122.39547,1212421426
+37.79344,-122.39594,1212421492
+37.79397,-122.39644,1212421552
+37.79406,-122.39752,1212421623
+37.79413,-122.39776,1212421676
+37.79416,-122.39775,1212421742
+37.79417,-122.39765,1212421787
+37.79419,-122.39746,1212421848
+37.79409,-122.39734,1212421913
+37.79411,-122.39738,1212421970
+37.79428,-122.39772,1212422029
+37.79429,-122.39758,1212422106
+37.7943,-122.39758,1212422148
+37.7962,-122.39745,1212422209
+37.79699,-122.39941,1212422268
+37.79827,-122.40218,1212422329
+37.80187,-122.40291,1212422389
+37.80275,-122.40315,1212422410
+37.80278,-122.40317,1212422411
+37.80317,-122.40207,1212422472
+37.79882,-122.4011,1212422532
+37.79782,-122.40091,1212422593
+37.79696,-122.40071,1212422631
+37.79423,-122.39965,1212422693
+37.79077,-122.39788,1212422758
+37.78941,-122.40009,1212422799
+37.78887,-122.40186,1212422859
+37.78792,-122.40437,1212422920
+37.78717,-122.41077,1212422985
+37.7891,-122.41191,1212423040
+37.79176,-122.41104,1212423100
+37.7919,-122.41069,1212423160
+37.79192,-122.41076,1212423225
+37.79196,-122.41081,1212423281
+37.79213,-122.41109,1212423341
+37.79194,-122.41088,1212423396
+37.79194,-122.41088,1212423397
+37.79197,-122.41092,1212423440
+37.79195,-122.41086,1212423505
+37.79204,-122.41095,1212423565
+37.79201,-122.41091,1212423622
+37.79212,-122.41106,1212423681
+37.79206,-122.41096,1212423735
+37.79214,-122.411,1212423795
+37.79207,-122.41092,1212423856
+37.79213,-122.41097,1212423916
+37.79208,-122.41087,1212423977
+37.79211,-122.41092,1212424037
+37.79211,-122.41096,1212424098
+37.79209,-122.41093,1212424157
+37.79209,-122.41093,1212424159
+37.79356,-122.41131,1212424225
+37.7938,-122.40998,1212424242
+37.7939,-122.40831,1212424302
+37.79429,-122.40675,1212424362
+37.79478,-122.40549,1212424427
+37.79507,-122.40189,1212424484
+37.79826,-122.40224,1212424543
+37.80141,-122.40294,1212424603
+37.80441,-122.40329,1212424672
+37.80492,-122.40516,1212424723
+37.80582,-122.40538,1212424752
+37.80583,-122.40539,1212424754
+37.80583,-122.40539,1212424757
+37.80602,-122.40984,1212424818
+37.80563,-122.41345,1212424878
+37.80363,-122.41466,1212424943
+37.80091,-122.41601,1212424998
+37.79785,-122.41539,1212425071
+37.79559,-122.4179,1212425124
+37.79358,-122.41798,1212425179
+37.78997,-122.41721,1212425240
+37.78895,-122.41711,1212425304
+37.78636,-122.41663,1212425360
+37.7843,-122.41601,1212425425
+37.78082,-122.41528,1212425480
+37.77878,-122.41503,1212425540
+37.77945,-122.41517,1212425601
+37.77948,-122.41516,1212425613
+37.77653,-122.41442,1212425673
+37.77803,-122.4165,1212425733
+37.78049,-122.41696,1212425794
+37.78049,-122.41696,1212425808
+37.78361,-122.41747,1212425855
+37.78592,-122.41805,1212425915
+37.78745,-122.41846,1212425980
+37.78782,-122.41829,1212426035
+37.78937,-122.42049,1212426077
+37.78955,-122.42184,1212426100
+37.78954,-122.42195,1212426165
+37.79019,-122.42225,1212426191
+37.79077,-122.4194,1212426251
+37.79133,-122.41475,1212426311
+37.79192,-122.41243,1212426371
+37.79201,-122.40819,1212426436
+37.7927,-122.4047,1212426492
+37.7929,-122.40137,1212426553
+37.79291,-122.40136,1212426562
+37.79288,-122.40133,1212426616
+37.79166,-122.40485,1212426696
+37.79158,-122.41071,1212426746
+37.79039,-122.41524,1212426806
+37.78961,-122.42187,1212426872
+37.78903,-122.42675,1212426926
+37.78911,-122.43238,1212426988
+37.7891,-122.43247,1212427010
+37.78907,-122.43245,1212427012
+37.78893,-122.4336,1212427041
+37.79002,-122.433,1212427095
+37.78987,-122.43073,1212427150
+37.78956,-122.42922,1212427187
+37.78681,-122.42748,1212427284
+37.78636,-122.43164,1212427347
+37.78597,-122.43331,1212427374
+37.78441,-122.43294,1212427397
+37.7845,-122.43087,1212427449
+37.78469,-122.42319,1212427492
+37.7855,-122.42278,1212427558
+37.7855,-122.42278,1212427574
+37.78996,-122.42391,1212427613
+37.79557,-122.42403,1212427673
+37.79742,-122.40999,1212427798
+37.79835,-122.40286,1212427856
+37.79927,-122.40242,1212427920
+37.80117,-122.4021,1212427961
+37.80121,-122.40212,1212428000
+37.80125,-122.40215,1212428002
+37.79856,-122.40103,1212428042
+37.79347,-122.40052,1212428130
+37.79305,-122.39963,1212428186
+37.78889,-122.39645,1212428245
+37.78657,-122.3936,1212428310
+37.78443,-122.39493,1212428361
+37.78257,-122.39296,1212428423
+37.77847,-122.39168,1212428481
+37.77049,-122.39793,1212428541
+37.75742,-122.39247,1212428590
+37.74389,-122.39612,1212428649
+37.73248,-122.40466,1212428685
+37.73248,-122.40466,1212428701
+37.71934,-122.39972,1212428749
+37.70617,-122.39461,1212428790
+37.69274,-122.3916,1212428850
+37.67961,-122.38856,1212428897
+37.62931,-122.40299,1212429098
+37.61618,-122.39874,1212429156
+37.6153,-122.38838,1212429200
+37.61773,-122.38522,1212429260
+37.618,-122.38615,1212429294
+37.6178,-122.38706,1212429381
+37.61633,-122.3885,1212429442
+37.61516,-122.39037,1212429488
+37.61516,-122.39037,1212429492
+37.61558,-122.38816,1212429974
+37.61626,-122.38618,1212430080
+37.61627,-122.38616,1212430123
+37.61626,-122.38613,1212430299
+37.61621,-122.38616,1212430421
+37.61624,-122.38615,1212430480
+37.61623,-122.38615,1212430545
+37.61623,-122.38614,1212430634
+37.6162,-122.38616,1212430699
+37.61622,-122.38616,1212430769
+37.61635,-122.38603,1212430814
+37.61603,-122.38828,1212432359
+37.63022,-122.40238,1212432463
+37.65761,-122.40582,1212432567
+37.66781,-122.39461,1212432601
+37.68009,-122.38858,1212432649
+37.69347,-122.39156,1212432698
+37.70682,-122.39457,1212432746
+37.71953,-122.39959,1212432799
+37.73234,-122.40458,1212432840
+37.74408,-122.39591,1212432899
+37.75727,-122.39228,1212432947
+37.77002,-122.39767,1212432995
+37.77785,-122.39188,1212433055
+37.77785,-122.39183,1212433115
+37.7801,-122.39418,1212433175
+37.78476,-122.40017,1212433235
+37.78611,-122.40191,1212433274
+37.78673,-122.40267,1212433305
+37.78673,-122.40267,1212433307
+37.78673,-122.40267,1212433329
+37.78664,-122.4029,1212433455
+37.78716,-122.40304,1212433485
+37.78765,-122.40567,1212433545
+37.78689,-122.41111,1212433605
+37.78686,-122.41139,1212433617
+37.79091,-122.41211,1212433678
+37.79182,-122.41072,1212433738
+37.79199,-122.41062,1212433798
+37.79195,-122.41065,1212433863
+37.79184,-122.41067,1212433919
+37.79196,-122.41075,1212433979
+37.79196,-122.41075,1212434026
+37.79195,-122.41081,1212434087
+37.79198,-122.41083,1212434147
+37.79203,-122.41082,1212434209
+37.79226,-122.41077,1212434269
+37.79248,-122.41075,1212434330
+37.7903,-122.4106,1212434401
+37.78704,-122.41036,1212434447
+37.78474,-122.40932,1212434507
+37.78474,-122.40932,1212434522
+37.78407,-122.40823,1212434567
+37.78085,-122.40408,1212434628
+37.77902,-122.40197,1212434688
+37.77672,-122.39904,1212434720
+37.77293,-122.39896,1212434781
+37.76042,-122.39251,1212434834
+37.74714,-122.3937,1212434897
+37.73632,-122.40376,1212434938
+37.72303,-122.401,1212434989
+37.71029,-122.3955,1212435041
+37.69695,-122.39251,1212435093
+37.68362,-122.3895,1212435144
+37.67021,-122.3924,1212435203
+37.6606,-122.40385,1212435244
+37.6606,-122.40385,1212435257
+37.64721,-122.40656,1212435289
+37.63362,-122.40369,1212435347
+37.62049,-122.40029,1212435393
+37.61471,-122.392,1212435454
+37.61475,-122.38546,1212435515
+37.6149,-122.38526,1212435564
+37.61486,-122.38528,1212435657
+37.61489,-122.38523,1212435672
+37.61508,-122.38519,1212435683
+37.61606,-122.3891,1212435744
+37.61942,-122.39932,1212435798
+37.63283,-122.40277,1212435858
+37.64613,-122.4063,1212435914
+37.66944,-122.39292,1212436011
+37.68271,-122.38912,1212436056
+37.6959,-122.39209,1212436106
+37.70328,-122.39375,1212436133
+37.71638,-122.3988,1212436186
+37.72933,-122.40337,1212436234
+37.7424,-122.40695,1212436286
+37.75561,-122.40311,1212436341
+37.76819,-122.40582,1212436401
+37.77015,-122.42024,1212436462
+37.77363,-122.42387,1212436538
+37.77572,-122.42459,1212436582
+37.77492,-122.43143,1212436642
+37.776,-122.43646,1212436702
+37.78097,-122.4373,1212436767
+37.78533,-122.43818,1212436822
+37.78563,-122.43894,1212436884
+37.78592,-122.43495,1212436943
+37.78661,-122.43507,1212437003
+37.78657,-122.43507,1212437063
+37.78659,-122.43504,1212437123
+37.78658,-122.43503,1212437183
+37.7866,-122.43501,1212437243
+37.78659,-122.43502,1212437303
+37.78658,-122.43504,1212437363
+37.78656,-122.43502,1212437423
+37.78664,-122.43509,1212437483
+37.78663,-122.43507,1212437543
+37.78664,-122.43506,1212437604
+37.78653,-122.43504,1212437677
+37.78657,-122.435,1212437727
+37.78662,-122.43501,1212437785
+37.78661,-122.43501,1212437845
+37.7866,-122.43501,1212437909
+37.78659,-122.43501,1212437967
+37.78659,-122.43501,1212437983
+37.78657,-122.43502,1212438036
+37.78656,-122.435,1212438088
+37.78659,-122.43507,1212438108
+37.78661,-122.43508,1212438162
+37.7866,-122.43506,1212438222
+37.78659,-122.43501,1212438282
+37.7866,-122.43503,1212438343
+37.7866,-122.43505,1212438404
+37.78659,-122.43505,1212438462
+37.78658,-122.43502,1212438533
+37.78662,-122.43511,1212438583
+37.78658,-122.43508,1212438642
+37.7866,-122.4351,1212438703
+37.7866,-122.43508,1212438764
+37.78659,-122.43507,1212438813
+37.78661,-122.43511,1212438873
+37.78656,-122.43507,1212438943
+37.78658,-122.43512,1212438994
+37.78658,-122.43512,1212439054
+37.78656,-122.43509,1212439120
+37.78661,-122.43506,1212439175
+37.78661,-122.43507,1212439210
+37.78662,-122.43507,1212439270
+37.78668,-122.43526,1212439330
+37.78665,-122.43515,1212439390
+37.78657,-122.43512,1212439450
+37.78655,-122.43514,1212439510
+37.78659,-122.43511,1212439571
+37.78656,-122.43504,1212439631
+37.78657,-122.43511,1212439871
+37.78656,-122.4351,1212439935
+37.78656,-122.43508,1212439991
+37.78659,-122.4351,1212440051
+37.78657,-122.43507,1212440111
+37.78654,-122.43513,1212440171
+37.78656,-122.43507,1212440232
+37.78659,-122.43508,1212440291
+37.78658,-122.43515,1212440351
+37.78657,-122.43515,1212440403
+37.78657,-122.43513,1212440452
+37.78657,-122.43513,1212440468
+37.78655,-122.43511,1212440483
+37.78661,-122.43514,1212440544
+37.78702,-122.43523,1212440604
+37.7887,-122.4348,1212440664
+37.78831,-122.43506,1212440724
+37.7883,-122.43505,1212440785
+37.78829,-122.43507,1212440845
+37.78831,-122.43511,1212440907
+37.7883,-122.4351,1212440967
+37.78829,-122.43508,1212441029
+37.78831,-122.43508,1212441088
+37.78835,-122.43511,1212441148
+37.78833,-122.4351,1212441208
+37.78827,-122.43509,1212441271
+37.7883,-122.43509,1212441330
+37.78829,-122.43507,1212441391
+37.7883,-122.43507,1212441457
+37.78831,-122.43514,1212441511
+37.7883,-122.43508,1212441571
+37.7883,-122.43508,1212441631
+37.78832,-122.43507,1212441691
+37.78832,-122.43508,1212441751
+37.7883,-122.43508,1212441811
+37.7883,-122.43508,1212441876
+37.78831,-122.43508,1212441937
+37.7883,-122.43507,1212441952
+37.7883,-122.43507,1212442016
+37.78832,-122.43507,1212442071
+37.7883,-122.43508,1212442131
+37.7883,-122.43508,1212442192
+37.78831,-122.43508,1212442252
+37.7883,-122.43508,1212442322
+37.78868,-122.43547,1212442373
+37.79061,-122.43479,1212442443
+37.78968,-122.43556,1212442493
+37.78918,-122.43894,1212442553
+37.78885,-122.44211,1212442619
+37.78713,-122.44365,1212442690
+37.78684,-122.4436,1212442695
+37.78504,-122.44326,1212442765
+37.78539,-122.43917,1212442815
+37.78558,-122.43747,1212442891
+37.78592,-122.43489,1212442937
+37.78545,-122.43866,1212443002
+37.78544,-122.43987,1212443046
+37.7863,-122.43897,1212443101
+37.78634,-122.43502,1212443160
+37.78625,-122.4349,1212443221
+37.78622,-122.43487,1212443297
+37.78624,-122.43499,1212443344
+37.78621,-122.43498,1212443409
+37.7862,-122.43493,1212443463
+37.78617,-122.43491,1212443525
+37.78621,-122.43501,1212443594
+37.78615,-122.43503,1212443646
+37.78595,-122.43492,1212443709
+37.7858,-122.43495,1212443721
+37.78519,-122.43282,1212443782
+37.78612,-122.42567,1212443842
+37.78636,-122.42348,1212443907
+37.78655,-122.42258,1212443962
+37.78686,-122.41964,1212444032
+37.78762,-122.41457,1212444079
+37.78811,-122.40917,1212444149
+37.7887,-122.40669,1212444199
+37.7887,-122.40669,1212444221
+37.78876,-122.40379,1212444260
+37.78901,-122.40214,1212444320
+37.79027,-122.40202,1212444381
+37.79121,-122.40017,1212444446
+37.79114,-122.39911,1212444487
+37.79122,-122.39918,1212444489
+37.79128,-122.39909,1212444553
+37.79258,-122.3974,1212444609
+37.79347,-122.39759,1212444669
+37.79312,-122.39958,1212444737
+37.79218,-122.40235,1212444805
+37.79184,-122.40386,1212444853
+37.79234,-122.4057,1212444909
+37.79198,-122.41005,1212444969
+37.79199,-122.41082,1212445035
+37.79186,-122.41106,1212445079
+37.79172,-122.41146,1212445145
+37.79181,-122.41124,1212445194
+37.79183,-122.41125,1212445259
+37.79184,-122.41125,1212445316
+37.79182,-122.41125,1212445387
+37.79183,-122.41127,1212445437
+37.79186,-122.41119,1212445503
+37.79183,-122.41121,1212445563
+37.79183,-122.41118,1212445624
+37.79181,-122.41115,1212445673
+37.79181,-122.41115,1212445752
+37.79179,-122.41119,1212445816
+37.79181,-122.41116,1212445872
+37.79179,-122.41117,1212445933
+37.79181,-122.41114,1212445993
+37.79181,-122.41113,1212446016
+37.79178,-122.41119,1212446076
+37.79179,-122.41108,1212446136
+37.79177,-122.41107,1212446197
+37.79178,-122.41104,1212446258
+37.79179,-122.41099,1212446328
+37.79179,-122.41106,1212446347
+37.79181,-122.41103,1212446396
+37.7916,-122.41063,1212446442
+37.79188,-122.41069,1212446494
+37.79107,-122.41076,1212446554
+37.79005,-122.41059,1212446614
+37.788,-122.41034,1212446682
+37.78444,-122.40946,1212446735
+37.78434,-122.40861,1212446795
+37.78452,-122.40797,1212446831
+37.78458,-122.4078,1212446833
+37.78458,-122.4078,1212446875
+37.78515,-122.40945,1212446893
+37.78552,-122.41102,1212446963
+37.78614,-122.41122,1212447018
+37.78601,-122.41107,1212447122
+37.786,-122.40969,1212447182
+37.78456,-122.40903,1212447242
+37.7836,-122.40775,1212447302
+37.78107,-122.4086,1212447358
+37.77766,-122.41302,1212447433
+37.77655,-122.41443,1212447493
+37.77447,-122.41693,1212447553
+37.77363,-122.41796,1212447613
+37.77194,-122.42013,1212447673
+37.76791,-122.41995,1212447734
+37.76405,-122.41962,1212447795
+37.75987,-122.41922,1212447856
+37.75558,-122.41886,1212447916
+37.75231,-122.41853,1212447977
+37.75104,-122.42153,1212448038
+37.75104,-122.42153,1212448053
+37.75084,-122.42151,1212448080
+37.75081,-122.42151,1212448083
+37.75061,-122.41868,1212448193
+37.75065,-122.41813,1212448261
+37.74986,-122.41609,1212448309
+37.74823,-122.41589,1212448369
+37.74829,-122.41178,1212448439
+37.74942,-122.40209,1212448494
+37.74989,-122.39366,1212448550
+37.75171,-122.39363,1212448610
+37.75171,-122.39363,1212448624
+37.75154,-122.39519,1212448699
+37.75142,-122.39502,1212448759
+37.75136,-122.39481,1212448819
+37.75174,-122.39473,1212448881
+37.75185,-122.39467,1212448942
+37.75184,-122.39467,1212449013
+37.75185,-122.39468,1212449061
+37.75187,-122.39468,1212449121
+37.75182,-122.3947,1212449182
+37.75184,-122.39468,1212449252
+37.75183,-122.39468,1212449312
+37.75182,-122.39469,1212449367
+37.75187,-122.39468,1212449408
+37.75187,-122.39468,1212449431
+37.75179,-122.39469,1212449558
+37.75185,-122.39469,1212449604
+37.75184,-122.39468,1212449662
+37.75185,-122.39468,1212449722
+37.75184,-122.39467,1212449787
+37.75184,-122.39465,1212449842
+37.75184,-122.39466,1212449877
+37.75182,-122.39469,1212449976
+37.75183,-122.39468,1212450014
+37.75183,-122.39466,1212450060
+37.76158,-122.42149,1212463327
+37.76232,-122.42184,1212463358
+37.76486,-122.42286,1212463414
+37.76472,-122.42554,1212463474
+37.76157,-122.42623,1212463535
+37.76146,-122.42631,1212463563
+37.76121,-122.43044,1212463623
+37.76093,-122.43483,1212463683
+37.76396,-122.43525,1212463743
+37.768,-122.43569,1212463803
+37.77071,-122.43692,1212463864
+37.77249,-122.43729,1212463924
+37.77581,-122.43794,1212463985
+37.77856,-122.43852,1212464046
+37.78472,-122.43979,1212464111
+37.78705,-122.44118,1212464176
+37.78661,-122.44523,1212464226
+37.78748,-122.44455,1212464286
+37.7875,-122.44455,1212464296
+37.78779,-122.44238,1212464359
+37.78862,-122.43564,1212464421
+37.78757,-122.43364,1212464475
+37.78539,-122.43314,1212464535
+37.78358,-122.43284,1212464596
+37.7808,-122.43232,1212464656
+37.77969,-122.43199,1212464716
+37.77546,-122.43114,1212464782
+37.77337,-122.43075,1212464837
+37.77195,-122.43197,1212464897
+37.77132,-122.43688,1212464957
+37.77068,-122.44178,1212465017
+37.77012,-122.44633,1212465077
+37.7696,-122.45058,1212465138
+37.76959,-122.45083,1212465161
+37.77037,-122.45378,1212465220
+37.77121,-122.45395,1212465246
+37.77547,-122.45475,1212465313
+37.77735,-122.45519,1212465345
+37.78116,-122.45623,1212465410
+37.78201,-122.45027,1212465466
+37.78262,-122.44584,1212465526
+37.78384,-122.44319,1212465586
+37.78457,-122.43766,1212465646
+37.78515,-122.43272,1212465706
+37.78514,-122.43272,1212465767
+37.78516,-122.43261,1212465778
+37.78569,-122.42863,1212465838
+37.78661,-122.42187,1212465901
+37.78742,-122.41515,1212465958
+37.78674,-122.41319,1212466019
+37.78627,-122.41683,1212466079
+37.78608,-122.41863,1212466112
+37.78695,-122.41911,1212466172
+37.78729,-122.41686,1212466242
+37.78838,-122.41521,1212466292
+37.78944,-122.41394,1212466352
+37.78912,-122.41025,1212466412
+37.7891,-122.41026,1212466424
+37.78831,-122.41002,1212466484
+37.78726,-122.41018,1212466524
+37.78689,-122.41242,1212466585
+37.78552,-122.41626,1212466645
+37.78035,-122.41522,1212466710
+37.77771,-122.41613,1212466765
+37.77554,-122.4173,1212466816
+37.77456,-122.41997,1212466855
+37.77333,-122.42145,1212466909
+37.77231,-122.42309,1212466954
+37.77154,-122.42387,1212467014
+37.76971,-122.42624,1212467074
+37.76663,-122.43015,1212467134
+37.76541,-122.43169,1212467194
+37.76334,-122.43441,1212467259
+37.76172,-122.43505,1212467315
+37.76168,-122.43505,1212467339
+37.7609,-122.43496,1212467394
+37.75881,-122.43482,1212467454
+37.76078,-122.43496,1212467514
+37.76076,-122.43494,1212467566
+37.76102,-122.4327,1212467626
+37.7615,-122.42484,1212467687
+37.76165,-122.42179,1212467748
+37.7619,-122.41733,1212467819
+37.76245,-122.41501,1212467869
+37.76579,-122.41542,1212467929
+37.76921,-122.41561,1212467989
+37.77165,-122.41425,1212468049
+37.77353,-122.41182,1212468109
+37.77758,-122.40676,1212468169
+37.78103,-122.40228,1212468230
+37.78146,-122.40179,1212468290
+37.78151,-122.40182,1212468308
+37.78337,-122.39952,1212468368
+37.78545,-122.39667,1212468425
+37.78661,-122.39904,1212468483
+37.7856,-122.40059,1212468537
+37.78348,-122.40258,1212468597
+37.78253,-122.40051,1212468657
+37.78536,-122.3967,1212468717
+37.78705,-122.39401,1212468777
+37.78687,-122.39395,1212468814
+37.78687,-122.39398,1212468873
+37.78686,-122.39385,1212468944
+37.7845,-122.39495,1212469004
+37.78331,-122.39829,1212469064
+37.78519,-122.40067,1212469125
+37.78746,-122.40306,1212469184
+37.79221,-122.40448,1212469245
+37.79605,-122.40489,1212469305
+37.79756,-122.40649,1212469365
+37.79922,-122.40863,1212469426
+37.80087,-122.41349,1212469486
+37.80135,-122.41603,1212469547
+37.80135,-122.41602,1212469552
+37.80253,-122.41498,1212469618
+37.80332,-122.41461,1212469673
+37.8033,-122.41462,1212469680
+37.80503,-122.41703,1212469740
+37.80453,-122.42208,1212469801
+37.80371,-122.42873,1212469861
+37.80517,-122.43201,1212469921
+37.80623,-122.43561,1212469981
+37.80646,-122.43602,1212470032
+37.80646,-122.43602,1212470033
+37.80642,-122.43596,1212470094
+37.80501,-122.43369,1212470154
+37.80511,-122.43229,1212470179
+37.80303,-122.43167,1212470243
+37.80074,-122.43121,1212470300
+37.79785,-122.43062,1212470360
+37.79407,-122.42991,1212470420
+37.79013,-122.42908,1212470480
+37.78815,-122.43184,1212470541
+37.78815,-122.43184,1212470555
+37.78731,-122.43947,1212470601
+37.78607,-122.44711,1212470676
+37.78255,-122.44746,1212470723
+37.78221,-122.44978,1212470747
+37.78147,-122.45595,1212470807
+37.78111,-122.46287,1212470867
+37.78096,-122.46628,1212470928
+37.7771,-122.46662,1212470988
+37.77631,-122.46726,1212471043
+37.77634,-122.46727,1212471045
+37.77604,-122.46606,1212471105
+37.78063,-122.46638,1212471168
+37.78089,-122.46428,1212471226
+37.78114,-122.45908,1212471286
+37.78124,-122.45692,1212471312
+37.78183,-122.45159,1212471371
+37.7823,-122.448,1212471415
+37.78275,-122.44299,1212471476
+37.78319,-122.43972,1212471536
+37.78453,-122.43072,1212471607
+37.78306,-122.42424,1212471658
+37.78019,-122.4237,1212471718
+37.77457,-122.42251,1212471783
+37.77144,-122.42044,1212471843
+37.7668,-122.41992,1212471903
+37.7634,-122.41918,1212471957
+37.7634,-122.41918,1212471959
+37.7619,-122.41914,1212472019
+37.76174,-122.42114,1212472111
+37.76174,-122.42119,1212472118
+37.76158,-122.42343,1212472172
+37.76132,-122.42812,1212472232
+37.76107,-122.43219,1212472292
+37.7609,-122.43478,1212472352
+37.76233,-122.43511,1212472413
+37.76339,-122.43519,1212472437
+37.76835,-122.43571,1212472497
+37.77095,-122.43976,1212472557
+37.77025,-122.44505,1212472617
+37.76818,-122.44582,1212472677
+37.76815,-122.44582,1212472725
+37.76814,-122.44582,1212472726
+37.76743,-122.44565,1212472793
+37.76703,-122.4479,1212472833
+37.76685,-122.45014,1212472888
+37.76846,-122.45161,1212472948
+37.7696,-122.45028,1212473009
+37.77017,-122.4455,1212473070
+37.77082,-122.44029,1212473131
+37.77093,-122.43702,1212473191
+37.77095,-122.43706,1212473251
+37.77096,-122.43708,1212473311
+37.77098,-122.43711,1212473375
+37.76513,-122.43542,1212473431
+37.76292,-122.43536,1212473491
+37.76096,-122.43507,1212473551
+37.7608,-122.43606,1212473616
+37.76029,-122.43488,1212473671
+37.76218,-122.43507,1212473736
+37.76216,-122.43505,1212473758
+37.76484,-122.43216,1212473819
+37.76806,-122.42815,1212473879
+37.77145,-122.42386,1212473940
+37.77474,-122.41968,1212474002
+37.77618,-122.41806,1212474062
+37.77759,-122.41704,1212474122
+37.7779,-122.41375,1212474182
+37.7779,-122.41372,1212474202
+37.7779,-122.41372,1212474209
+37.77635,-122.41184,1212474269
+37.77269,-122.40995,1212474326
+37.77124,-122.41319,1212474386
+37.77416,-122.41743,1212474447
+37.77227,-122.41981,1212474507
+37.7716,-122.42237,1212474568
+37.76775,-122.42218,1212474628
+37.76192,-122.4216,1212474689
+37.75702,-122.42116,1212474750
+37.75398,-122.42089,1212474810
+37.75198,-122.42285,1212474870
+37.75174,-122.42694,1212474930
+37.75157,-122.43016,1212474990
+37.75141,-122.43392,1212475050
+37.75479,-122.43439,1212475115
+37.75955,-122.43484,1212475171
+37.76219,-122.43507,1212475232
+37.76585,-122.43094,1212475292
+37.76722,-122.42916,1212475315
+37.76724,-122.42911,1212475375
+37.76879,-122.42712,1212475412
+37.77235,-122.42269,1212475472
+37.77499,-122.41937,1212475533
+37.77704,-122.41671,1212475593
+37.77826,-122.41501,1212475654
+37.77829,-122.415,1212475674
+37.77762,-122.4134,1212475734
+37.7748,-122.40991,1212475794
+37.77363,-122.40874,1212475854
+37.77175,-122.41115,1212475914
+37.77068,-122.41441,1212475974
+37.77167,-122.41416,1212476014
+37.77331,-122.41223,1212476074
+37.77666,-122.40803,1212476134
+37.77899,-122.41068,1212476194
+37.78288,-122.41407,1212476254
+37.78544,-122.41453,1212476316
+37.78777,-122.41514,1212476377
+37.78583,-122.41639,1212476564
+37.78144,-122.41543,1212476594
+37.78399,-122.41734,1212476654
+37.78911,-122.4179,1212476715
+37.78983,-122.41174,1212476775
+37.78973,-122.41173,1212476810
+37.78973,-122.41174,1212476812
+37.78927,-122.41016,1212476872
+37.78714,-122.40986,1212476932
+37.78647,-122.41546,1212476992
+37.78605,-122.41919,1212477052
+37.78699,-122.41845,1212477113
+37.78736,-122.41592,1212477175
+37.78764,-122.41005,1212477234
+37.78659,-122.41526,1212477294
+37.78258,-122.41574,1212477354
+37.77898,-122.41503,1212477414
+37.77744,-122.41636,1212477474
+37.77614,-122.41822,1212477534
+37.77417,-122.42074,1212477594
+37.77118,-122.42453,1212477654
+37.7683,-122.42812,1212477715
+37.76409,-122.43343,1212477775
+37.76257,-122.43554,1212477821
+37.76034,-122.44394,1212477881
+37.75663,-122.44214,1212477929
+37.74967,-122.44354,1212477989
+37.74709,-122.44463,1212478049
+37.74493,-122.44323,1212478110
+37.74487,-122.44401,1212478171
+37.74488,-122.44401,1212478189
+37.74645,-122.44337,1212478245
+37.74865,-122.44012,1212478304
+37.74973,-122.4339,1212478364
+37.75428,-122.43433,1212478424
+37.75923,-122.43488,1212478484
+37.76216,-122.43512,1212478544
+37.76559,-122.43129,1212478606
+37.76923,-122.42667,1212478666
+37.77253,-122.42249,1212478726
+37.77611,-122.41817,1212478786
+37.7773,-122.41683,1212478846
+37.77789,-122.41347,1212478908
+37.77522,-122.41045,1212478968
+37.77383,-122.40872,1212478995
+37.77373,-122.41145,1212479055
+37.77506,-122.40994,1212479115
+37.77782,-122.4048,1212479175
+37.77775,-122.40465,1212479186
+37.77601,-122.40249,1212479247
+37.77347,-122.40367,1212479307
+37.77525,-122.40596,1212479368
+37.77754,-122.41,1212479427
+37.77533,-122.41356,1212479487
+37.77775,-122.41677,1212479548
+37.77655,-122.42295,1212479608
+37.7752,-122.42889,1212479668
+37.7741,-122.43773,1212479728
+37.77318,-122.44494,1212479788
+37.77204,-122.45366,1212479848
+37.77459,-122.4563,1212479908
+37.7741,-122.4626,1212479969
+37.77414,-122.46263,1212479989
+37.77975,-122.46308,1212480049
+37.78108,-122.46118,1212480110
+37.78154,-122.45405,1212480162
+37.78178,-122.452,1212480222
+37.78204,-122.44991,1212480282
+37.78209,-122.4496,1212480304
+37.78049,-122.45215,1212480364
+37.7814,-122.45406,1212480424
+37.78273,-122.44397,1212480484
+37.78438,-122.43224,1212480545
+37.78462,-122.42312,1212480605
+37.78581,-122.423,1212480666
+37.78858,-122.4215,1212480727
+37.78911,-122.41696,1212480788
+37.79004,-122.41081,1212480848
+37.78995,-122.41076,1212480906
+37.78993,-122.41076,1212480908
+37.78834,-122.40999,1212480968
+37.78697,-122.41108,1212481028
+37.78578,-122.41634,1212481088
+37.78167,-122.41555,1212481148
+37.7785,-122.41458,1212481208
+37.77386,-122.40867,1212481268
+37.77271,-122.40992,1212481328
+37.77174,-122.41117,1212481389
+37.77198,-122.41381,1212481449
+37.77471,-122.41033,1212481511
+37.77901,-122.40492,1212481571
+37.77711,-122.40434,1212481632
+37.77394,-122.40837,1212481692
+37.77077,-122.41244,1212481753
+37.77425,-122.41699,1212481813
+37.77157,-122.42125,1212481874
+37.7716,-122.42233,1212481935
+37.76837,-122.42208,1212481996
+37.76335,-122.42174,1212482056
+37.75638,-122.42111,1212482121
+37.75544,-122.42102,1212482136
+37.75297,-122.4208,1212482197
+37.75188,-122.42491,1212482258
+37.7517,-122.42837,1212482319
+37.7518,-122.43413,1212482379
+37.75701,-122.4346,1212482440
+37.76074,-122.43491,1212482500
+37.76241,-122.43516,1212482560
+37.76378,-122.43352,1212482618
+37.76655,-122.43003,1212482678
+37.7699,-122.42581,1212482738
+37.77099,-122.42252,1212482798
+37.76819,-122.42229,1212482858
+37.76125,-122.42158,1212482919
+37.75552,-122.42103,1212482979
+37.75309,-122.4208,1212483039
+37.75183,-122.42491,1212483099
+37.75168,-122.42817,1212483156
+37.75132,-122.43395,1212483216
+37.75485,-122.4344,1212483277
+37.76021,-122.43491,1212483337
+37.7605,-122.43491,1212483398
+37.76057,-122.43492,1212483458
+37.7606,-122.4349,1212483519
+37.7606,-122.43489,1212483579
+37.76065,-122.43498,1212483632
+37.76065,-122.43493,1212483691
+37.76066,-122.43492,1212483752
+37.76066,-122.43491,1212483812
+37.76077,-122.43493,1212483872
+37.76076,-122.4349,1212483932
+37.76083,-122.43498,1212483993
+37.76079,-122.43494,1212484053
+37.76078,-122.43495,1212484113
+37.76078,-122.43494,1212484152
+37.76234,-122.43511,1212484212
+37.76568,-122.43122,1212484273
+37.76918,-122.43134,1212484333
+37.77293,-122.43132,1212484393
+37.77381,-122.42744,1212484453
+37.77382,-122.42744,1212484468
+37.77454,-122.42604,1212484533
+37.77306,-122.42395,1212484593
+37.76947,-122.42656,1212484649
+37.76788,-122.42864,1212484709
+37.76565,-122.43142,1212484769
+37.76199,-122.43519,1212484829
+37.76083,-122.43599,1212484889
+37.76051,-122.43497,1212484954
+37.76096,-122.43356,1212485009
+37.76129,-122.42805,1212485062
+37.76174,-122.42074,1212485123
+37.76177,-122.41955,1212485148
+37.76178,-122.41955,1212485149
+37.75847,-122.41911,1212485209
+37.75361,-122.4186,1212485270
+37.74948,-122.41824,1212485330
+37.74662,-122.41928,1212485390
+37.74341,-122.42135,1212485450
+37.74057,-122.42188,1212485510
+37.74268,-122.42172,1212485570
+37.74693,-122.41902,1212485630
+37.74919,-122.42037,1212485690
+37.75505,-122.42094,1212485750
+37.76164,-122.42154,1212485815
+37.76654,-122.42224,1212485870
+37.76546,-122.42425,1212485930
+37.76164,-122.42388,1212485991
+37.76128,-122.42839,1212486052
+37.75981,-122.43269,1212486112
+37.76036,-122.43495,1212486173
+37.76041,-122.43474,1212486233
+37.76038,-122.43492,1212486294
+37.76034,-122.43498,1212486354
+37.76036,-122.43494,1212486415
+37.76037,-122.43494,1212486475
+37.76042,-122.43492,1212486536
+37.76041,-122.43493,1212486597
+37.76038,-122.43494,1212486658
+37.76036,-122.43496,1212486718
+37.76037,-122.43499,1212486779
+37.76041,-122.43491,1212486840
+37.76041,-122.43492,1212486901
+37.76041,-122.43495,1212486961
+37.76038,-122.43502,1212487022
+37.76058,-122.4349,1212487082
+37.76057,-122.43486,1212487143
+37.76061,-122.43489,1212487203
+37.76073,-122.43483,1212487264
+37.76069,-122.43487,1212487324
+37.76067,-122.43487,1212487385
+37.76068,-122.43486,1212487445
+37.7607,-122.43484,1212487506
+37.7607,-122.43484,1212487535
+37.7607,-122.43484,1212487594
+37.76067,-122.43481,1212487655
+37.76068,-122.43481,1212487716
+37.76068,-122.4348,1212487776
+37.76067,-122.43483,1212487837
+37.76067,-122.43482,1212487897
+37.76067,-122.43483,1212487958
+37.76067,-122.43483,1212488018
+37.76067,-122.43483,1212488079
+37.76067,-122.43484,1212488139
+37.76067,-122.43484,1212488200
+37.76067,-122.43488,1212488260
+37.76073,-122.4349,1212488321
+37.76081,-122.4349,1212488381
+37.76079,-122.43496,1212488443
+37.76078,-122.4349,1212488503
+37.76079,-122.43486,1212488564
+37.76079,-122.4349,1212488624
+37.76079,-122.43489,1212488649
+37.7608,-122.43491,1212488709
+37.76079,-122.43497,1212488769
+37.76078,-122.43493,1212488829
+37.76078,-122.43493,1212488889
+37.76078,-122.43491,1212488949
+37.76078,-122.43491,1212489009
+37.76078,-122.43491,1212489070
+37.76078,-122.43491,1212489130
+37.76078,-122.43503,1212489192
+37.7608,-122.43504,1212489252
+37.7608,-122.43498,1212489308
+37.75623,-122.43459,1212489368
+37.75278,-122.43653,1212489428
+37.75271,-122.4377,1212489449
+37.7527,-122.4377,1212489450
+37.75103,-122.43842,1212489511
+37.75223,-122.43417,1212489572
+37.75648,-122.43455,1212489633
+37.76075,-122.43498,1212489698
+37.76079,-122.435,1212489746
+37.7613,-122.4288,1212489806
+37.75681,-122.42797,1212489867
+37.7508,-122.42737,1212489927
+37.74612,-122.4264,1212489987
+37.74586,-122.42472,1212490038
+37.74585,-122.4247,1212490046
+37.74788,-122.42437,1212490106
+37.74803,-122.42278,1212490166
+37.74896,-122.42253,1212490226
+37.75028,-122.42487,1212490286
+37.75,-122.42939,1212490348
+37.74961,-122.43549,1212490406
+37.74945,-122.43842,1212490467
+37.74919,-122.44251,1212490528
+37.75075,-122.44277,1212490579
+37.74931,-122.44154,1212490633
+37.74959,-122.43568,1212490693
+37.75005,-122.42878,1212490754
+37.75033,-122.42369,1212490814
+37.75052,-122.4207,1212490874
+37.75064,-122.41857,1212490934
+37.75073,-122.41662,1212490994
+37.75087,-122.4157,1212491023
+37.75003,-122.4155,1212491084
+37.74965,-122.41551,1212491131
+37.74932,-122.41253,1212491191
+37.75225,-122.40907,1212491251
+37.75774,-122.40957,1212491311
+37.76304,-122.41021,1212491371
+37.76456,-122.40771,1212491431
+37.76476,-122.40328,1212491492
+37.76442,-122.40261,1212491516
+37.76442,-122.40261,1212491517
+37.76173,-122.40232,1212491577
+37.75725,-122.40191,1212491637
+37.75412,-122.40256,1212491698
+37.74963,-122.40292,1212491759
+37.74845,-122.40866,1212491819
+37.74829,-122.41608,1212491880
+37.74877,-122.42027,1212491966
+37.74864,-122.41812,1212492026
+37.74813,-122.41806,1212492086
+37.74818,-122.41617,1212492146
+37.74839,-122.41597,1212492178
+37.74825,-122.41718,1212492209
+37.74951,-122.40154,1212492321
+37.75007,-122.38988,1212492382
+37.75264,-122.38765,1212492444
+37.75988,-122.38838,1212492504
+37.76254,-122.38861,1212492551
+37.76254,-122.38861,1212492553
+37.76419,-122.38879,1212492613
+37.76415,-122.39243,1212492673
+37.76382,-122.39754,1212492729
+37.76458,-122.4025,1212492789
+37.76451,-122.40817,1212492849
+37.76436,-122.41043,1212492872
+37.76368,-122.41604,1212492932
+37.76349,-122.4194,1212492992
+37.76355,-122.42177,1212493052
+37.76746,-122.42209,1212493112
+37.7687,-122.4208,1212493172
+37.76841,-122.42067,1212493233
+37.76793,-122.42179,1212493293
+37.7685,-122.42053,1212493353
+37.76614,-122.41987,1212493413
+37.75954,-122.41923,1212493473
+37.754,-122.4187,1212493534
+37.75137,-122.41846,1212493594
+37.75057,-122.4206,1212493655
+37.75036,-122.42366,1212493715
+37.75079,-122.42735,1212493776
+37.75328,-122.42858,1212493836
+37.75296,-122.43359,1212493896
+37.75135,-122.43248,1212493957
+37.7517,-122.42772,1212494017
+37.75205,-122.42265,1212494077
+37.74934,-122.42046,1212494137
+37.74829,-122.4203,1212494197
+37.74816,-122.41614,1212494258
+37.74843,-122.40769,1212494317
+37.74969,-122.39756,1212494377
+37.75118,-122.39342,1212494438
+37.75151,-122.3952,1212494498
+37.75154,-122.39517,1212494560
+37.75147,-122.39523,1212494620
+37.75141,-122.39521,1212494682
+37.75135,-122.3944,1212494742
+37.75176,-122.39433,1212494808
+37.75176,-122.39436,1212494863
+37.75177,-122.39435,1212494923
+37.75178,-122.39436,1212494983
+37.75178,-122.39435,1212495043
+37.75178,-122.39434,1212495103
+37.75178,-122.39434,1212495163
+37.75176,-122.39433,1212495223
+37.75176,-122.39433,1212495284
+37.74957,-122.40155,1212504046
+37.74956,-122.40157,1212504058
+37.74938,-122.40493,1212504091
+37.74835,-122.41344,1212504151
+37.74822,-122.4173,1212504213
+37.7481,-122.42166,1212504271
+37.74837,-122.42254,1212504325
+37.74865,-122.4246,1212504386
+37.7487,-122.42716,1212504448
+37.75157,-122.42749,1212504508
+37.75156,-122.43036,1212504572
+37.75141,-122.43235,1212504628
+37.75136,-122.43383,1212504688
+37.75135,-122.43382,1212504748
+37.7514,-122.43378,1212504808
+37.75138,-122.43381,1212504869
+37.75242,-122.43418,1212504928
+37.75479,-122.43441,1212504990
+37.75741,-122.43467,1212505009
+37.76042,-122.43493,1212505065
+37.76095,-122.43335,1212505114
+37.76314,-122.43301,1212505194
+37.76379,-122.43308,1212505256
+37.76563,-122.43127,1212505316
+37.76758,-122.42879,1212505376
+37.76831,-122.42784,1212505437
+37.76893,-122.42714,1212505508
+37.77136,-122.42398,1212505559
+37.77279,-122.42217,1212505621
+37.77504,-122.42089,1212505681
+37.77766,-122.42151,1212505741
+37.78105,-122.42055,1212505801
+37.78192,-122.41894,1212505873
+37.78301,-122.41913,1212505927
+37.78547,-122.41973,1212505983
+37.78656,-122.41989,1212506043
+37.78894,-122.42023,1212506102
+37.78945,-122.42209,1212506162
+37.7897,-122.42276,1212506196
+37.7897,-122.42276,1212506203
+37.79027,-122.42291,1212506484
+37.79388,-122.42304,1212506563
+37.795,-122.42492,1212506628
+37.79692,-122.42149,1212506683
+37.79691,-122.42151,1212506743
+37.79691,-122.42149,1212506805
+37.79691,-122.42141,1212506865
+37.79653,-122.42509,1212506936
+37.79634,-122.42642,1212506971
+37.79497,-122.43014,1212507045
+37.79255,-122.42692,1212507169
+37.79207,-122.42363,1212507223
+37.79268,-122.41876,1212507281
+37.793,-122.41638,1212507340
+37.79312,-122.41278,1212507398
+37.79371,-122.41056,1212507458
+37.79372,-122.41057,1212507528
+37.79436,-122.40508,1212507579
+37.794,-122.40051,1212507727
+37.794,-122.40051,1212507745
+37.79356,-122.4028,1212507788
+37.793,-122.40434,1212507848
+37.79425,-122.40474,1212507912
+37.79625,-122.40475,1212507973
+37.79482,-122.40298,1212508100
+37.79384,-122.40329,1212508154
+37.79282,-122.40434,1212508215
+37.79282,-122.40434,1212508229
+37.79231,-122.40628,1212508285
+37.792,-122.40975,1212508307
+37.79191,-122.41073,1212508368
+37.79192,-122.41085,1212508428
+37.79197,-122.41093,1212508493
+37.79194,-122.41093,1212508550
+37.79192,-122.4109,1212508608
+37.79197,-122.41094,1212508669
+37.79192,-122.41098,1212508729
+37.79192,-122.41094,1212508789
+37.79198,-122.41087,1212508848
+37.79203,-122.41092,1212508909
+37.79206,-122.4109,1212508968
+37.79204,-122.41089,1212509031
+37.79207,-122.41087,1212509089
+37.79204,-122.41087,1212509149
+37.79207,-122.41085,1212509209
+37.7921,-122.41089,1212509270
+37.79202,-122.41091,1212509330
+37.79206,-122.41097,1212509390
+37.79201,-122.41095,1212509450
+37.79203,-122.41089,1212509511
+37.79204,-122.41092,1212509571
+37.79222,-122.41118,1212509577
+37.79213,-122.41103,1212509637
+37.79207,-122.41095,1212509678
+37.79253,-122.41299,1212509739
+37.79542,-122.41513,1212509835
+37.79533,-122.41487,1212509952
+37.79249,-122.4145,1212510015
+37.78984,-122.41392,1212510073
+37.78765,-122.41362,1212510135
+37.78804,-122.40884,1212510209
+37.7891,-122.40457,1212510256
+37.789,-122.4028,1212510292
+37.78868,-122.40223,1212510329
+37.78879,-122.40226,1212510331
+37.78918,-122.40164,1212510391
+37.79089,-122.40082,1212510458
+37.79755,-122.40176,1212510706
+37.80568,-122.40549,1212510812
+37.80545,-122.407,1212510872
+37.80565,-122.40548,1212510955
+37.80415,-122.4025,1212511020
+37.80053,-122.40153,1212511081
+37.798,-122.40076,1212511150
+37.79398,-122.39959,1212511199
+37.79216,-122.39948,1212511260
+37.78986,-122.39805,1212511325
+37.79073,-122.40035,1212511380
+37.78544,-122.40313,1212511440
+37.78197,-122.40758,1212511507
+37.77976,-122.41032,1212511562
+37.77595,-122.41518,1212511627
+37.77523,-122.416,1212511682
+37.77192,-122.42015,1212511759
+37.77164,-122.42236,1212511801
+37.77137,-122.42228,1212511861
+37.76984,-122.42406,1212511921
+37.76763,-122.43153,1212512041
+37.7692,-122.43474,1212512102
+37.76887,-122.43525,1212512161
+37.76862,-122.43518,1212512222
+37.76859,-122.43508,1212512291
+37.76823,-122.43544,1212512337
+37.76823,-122.43553,1212512339
+37.76939,-122.43593,1212512401
+37.77178,-122.43709,1212512447
+37.77287,-122.43732,1212512512
+37.77329,-122.43593,1212512585
+37.77344,-122.43483,1212512636
+37.77144,-122.44484,1212512722
+37.77193,-122.44572,1212512778
+37.77838,-122.44702,1212512899
+37.78251,-122.44798,1212512959
+37.78131,-122.45955,1212513092
+37.78673,-122.45069,1212513330
+37.78675,-122.45055,1212513331
+37.78755,-122.444,1212513391
+37.78808,-122.4423,1212513444
+37.78918,-122.43987,1212513533
+37.78919,-122.43988,1212513574
+37.79013,-122.43867,1212513625
+37.79449,-122.43365,1212513748
+37.7955,-122.42541,1212513871
+37.79568,-122.42394,1212513927
+37.79592,-122.42201,1212513987
+37.79626,-122.4185,1212514058
+37.79709,-122.40946,1212514124
+37.79777,-122.40753,1212514183
+37.79816,-122.40384,1212514245
+37.79846,-122.40152,1212514266
+37.7985,-122.40095,1212514343
+37.79795,-122.40087,1212514370
+37.79306,-122.40256,1212514430
+37.79305,-122.4027,1212514440
+37.79226,-122.40391,1212514505
+37.79118,-122.40858,1212514566
+37.79231,-122.41246,1212514621
+37.79059,-122.41886,1212514681
+37.79061,-122.42409,1212514742
+37.79462,-122.42482,1212514806
+37.79815,-122.42696,1212514857
+37.79809,-122.42714,1212514863
+37.79136,-122.43103,1212515038
+37.79134,-122.43104,1212515109
+37.79118,-122.43103,1212515162
+37.79039,-122.43082,1212515283
+37.78942,-122.4293,1212515339
+37.7896,-122.42813,1212515354
+37.78995,-122.4258,1212515414
+37.79042,-122.42246,1212515479
+37.79046,-122.42166,1212515529
+37.79078,-122.41917,1212515590
+37.79173,-122.41271,1212515649
+37.78877,-122.41025,1212515710
+37.78859,-122.41018,1212515751
+37.78859,-122.41018,1212515770
+37.7879,-122.40896,1212515813
+37.78818,-122.40849,1212515873
+37.78805,-122.40845,1212515933
+37.78804,-122.40852,1212516009
+37.7881,-122.40853,1212516066
+37.78804,-122.40855,1212516113
+37.78811,-122.40844,1212516234
+37.78811,-122.40833,1212516295
+37.78815,-122.40818,1212516420
+37.78815,-122.40816,1212516480
+37.78803,-122.40753,1212516540
+37.78802,-122.40749,1212516595
+37.78795,-122.4074,1212516656
+37.78789,-122.40761,1212516716
+37.78786,-122.40734,1212516776
+37.78783,-122.40748,1212516825
+37.78767,-122.40745,1212516860
+37.78761,-122.4098,1212516921
+37.78741,-122.41488,1212516994
+37.79119,-122.41573,1212517035
+37.79643,-122.41684,1212517104
+37.80643,-122.4191,1212517314
+37.80535,-122.41758,1212517351
+37.80064,-122.41599,1212517412
+37.79582,-122.41513,1212517467
+37.7938,-122.41484,1212517527
+37.7911,-122.41422,1212517587
+37.78925,-122.41366,1212517657
+37.78805,-122.41181,1212517700
+37.78841,-122.40762,1212517762
+37.78846,-122.40711,1212517790
+37.78896,-122.40384,1212517851
+37.79136,-122.40733,1212517917
+37.79124,-122.40759,1212517970
+37.7913,-122.4075,1212518032
+37.7914,-122.40748,1212518101
+37.79133,-122.40758,1212518151
+37.79166,-122.40736,1212518216
+37.79156,-122.40743,1212518271
+37.79133,-122.40765,1212518331
+37.79148,-122.40749,1212518398
+37.79144,-122.4075,1212518425
+37.79142,-122.4075,1212518490
+37.79154,-122.40749,1212518537
+37.79158,-122.40744,1212518595
+37.79157,-122.40754,1212518655
+37.7916,-122.40761,1212518721
+37.79171,-122.4075,1212518746
+37.7919,-122.40301,1212518872
+37.78948,-122.40187,1212518927
+37.78652,-122.40399,1212519052
+37.78725,-122.40338,1212519112
+37.78782,-122.40394,1212519167
+37.78721,-122.41153,1212519227
+37.7907,-122.41236,1212519283
+37.79007,-122.41707,1212519341
+37.78951,-122.42188,1212519401
+37.78797,-122.4217,1212519469
+37.78548,-122.42145,1212519511
+37.78329,-122.4209,1212519567
+37.78185,-122.42077,1212519633
+37.78139,-122.42054,1212519651
+37.78117,-122.41985,1212519721
+37.77975,-122.41856,1212519777
+37.77852,-122.41981,1212519833
+37.7796,-122.42009,1212519883
+37.78099,-122.41702,1212519943
+37.78105,-122.41725,1212519952
+37.78338,-122.41743,1212520006
+37.78273,-122.41574,1212520077
+37.77886,-122.41495,1212520135
+37.77642,-122.41167,1212520195
+37.77292,-122.41588,1212520248
+37.77094,-122.41521,1212520315
+37.76814,-122.41589,1212520368
+37.7681,-122.41601,1212520402
+37.76811,-122.41601,1212520403
+37.76692,-122.41683,1212520521
+37.76686,-122.41809,1212520581
+37.76773,-122.42654,1212520707
+37.76648,-122.42522,1212520866
+37.7664,-122.42438,1212520915
+37.76945,-122.4245,1212520981
+37.77597,-122.41783,1212521096
+37.7792,-122.41407,1212521156
+37.78338,-122.40877,1212521229
+37.78381,-122.40775,1212521278
+37.78405,-122.40762,1212521285
+37.78354,-122.40753,1212521344
+37.78388,-122.40814,1212521404
+37.78044,-122.40359,1212521459
+37.77552,-122.39692,1212521581
+37.77678,-122.39515,1212521645
+37.77652,-122.39429,1212521696
+37.77612,-122.39388,1212521767
+37.77609,-122.39385,1212521778
+37.77593,-122.39358,1212521784
+37.77655,-122.39339,1212521844
+37.77598,-122.39719,1212521899
+37.77199,-122.40153,1212521966
+37.77022,-122.40197,1212522024
+37.77003,-122.4018,1212522044
+37.77253,-122.40073,1212522110
+37.77546,-122.39728,1212522144
+37.77767,-122.39996,1212522204
+37.78134,-122.4048,1212522266
+37.78385,-122.40785,1212522325
+37.78641,-122.40874,1212522390
+37.78609,-122.40782,1212522419
+37.78869,-122.40836,1212522481
+37.78884,-122.40828,1212522509
+37.78886,-122.40831,1212522513
+37.79031,-122.40724,1212522576
+37.79142,-122.40736,1212522631
+37.79132,-122.40733,1212522701
+37.79135,-122.40734,1212522752
+37.79135,-122.40736,1212522814
+37.79131,-122.40734,1212522872
+37.79136,-122.40739,1212522935
+37.79141,-122.40742,1212522970
+37.79149,-122.4074,1212523030
+37.79146,-122.40741,1212523092
+37.79144,-122.40741,1212523151
+37.79144,-122.4074,1212523211
+37.7914,-122.40733,1212523271
+37.79127,-122.40728,1212523331
+37.7913,-122.40731,1212523392
+37.79137,-122.40737,1212523452
+37.79148,-122.40748,1212523512
+37.79148,-122.40742,1212523566
+37.79132,-122.40733,1212523626
+37.79152,-122.40736,1212523686
+37.79164,-122.40728,1212523746
+37.79164,-122.40733,1212523814
+37.79162,-122.40734,1212523877
+37.79155,-122.40732,1212523918
+37.79157,-122.4073,1212523968
+37.79157,-122.40727,1212524028
+37.79162,-122.40736,1212524088
+37.79174,-122.40729,1212524145
+37.79161,-122.40756,1212524333
+37.79111,-122.40949,1212524378
+37.79077,-122.41166,1212524438
+37.79044,-122.41408,1212524498
+37.78881,-122.41693,1212524569
+37.78499,-122.41619,1212524634
+37.77959,-122.41516,1212524684
+37.77671,-122.41224,1212524750
+37.77387,-122.40871,1212524799
+37.77148,-122.40552,1212524859
+37.7742,-122.40168,1212524919
+37.76611,-122.39432,1212524984
+37.75258,-122.39155,1212525043
+37.74043,-122.39917,1212525093
+37.72816,-122.40302,1212525157
+37.71529,-122.39828,1212525197
+37.67525,-122.38913,1212525342
+37.61794,-122.38663,1212525724
+37.61771,-122.38713,1212525795
+37.62678,-122.40142,1212525961
+37.63129,-122.40285,1212526021
+37.62459,-122.40174,1212526081
+37.61613,-122.38613,1212528890
+37.61632,-122.386,1212528923
+37.61761,-122.38704,1212529533
+37.61386,-122.39417,1212529602
+37.61471,-122.39012,1212529714
+37.61502,-122.3901,1212529777
+37.61501,-122.3901,1212529798
+37.6168,-122.39798,1212529868
+37.63049,-122.40221,1212529931
+37.63387,-122.41727,1212529989
+37.62939,-122.43266,1212530034
+37.64071,-122.44189,1212530085
+37.64572,-122.44815,1212530135
+37.64457,-122.45063,1212530171
+37.64362,-122.45257,1212530231
+37.64262,-122.46265,1212530294
+37.63829,-122.46555,1212530352
+37.63359,-122.47641,1212530413
+37.61812,-122.48536,1212530580
+37.60801,-122.49489,1212530705
+37.60047,-122.48778,1212530760
+37.59908,-122.48293,1212530793
+37.59444,-122.47661,1212530871
+37.58754,-122.47742,1212530913
+37.58343,-122.47405,1212530979
+37.58661,-122.47257,1212531034
+37.58661,-122.47256,1212531052
+37.58661,-122.47255,1212531061
+37.75742,-122.39594,1212531121
+37.58759,-122.4734,1212531195
+37.59157,-122.47512,1212532224
+37.60569,-122.49505,1212532408
+37.65775,-122.48667,1212532666
+37.67039,-122.48117,1212532727
+37.69458,-122.4704,1212532825
+37.7045,-122.47149,1212532870
+37.71637,-122.47231,1212532937
+37.7209,-122.47561,1212533020
+37.71911,-122.48143,1212533080
+37.71765,-122.48196,1212533145
+37.71767,-122.48207,1212533200
+37.71762,-122.48206,1212533240
+37.7177,-122.48207,1212533268
+37.71776,-122.48208,1212533280
+37.71857,-122.48491,1212533340
+37.71488,-122.48525,1212533401
+37.7146,-122.48355,1212533463
+37.71267,-122.47206,1212533521
+37.71085,-122.46187,1212533581
+37.71019,-122.45741,1212533641
+37.71791,-122.44849,1212533701
+37.72995,-122.43973,1212533748
+37.73141,-122.42297,1212533789
+37.73515,-122.40681,1212533833
+37.74469,-122.39509,1212533877
+37.75841,-122.39229,1212533927
+37.77107,-122.39787,1212533990
+37.77603,-122.39448,1212534046
+37.77667,-122.39365,1212534117
+37.77976,-122.39388,1212534166
+37.78262,-122.39721,1212534226
+37.78532,-122.40095,1212534292
+37.78809,-122.40398,1212534347
+37.78747,-122.40637,1212534400
+37.78747,-122.40636,1212534401
+37.7869,-122.41152,1212534462
+37.78871,-122.41184,1212534505
+37.79143,-122.41238,1212534708
+37.79231,-122.41616,1212534783
+37.79313,-122.41486,1212534839
+37.79312,-122.41479,1212534893
+37.79307,-122.41484,1212534963
+37.79309,-122.41474,1212534966
+37.79559,-122.41644,1212535030
+37.79828,-122.4185,1212535094
+37.79877,-122.42415,1212535155
+37.80103,-122.42592,1212535210
+37.8007,-122.42774,1212535266
+37.79984,-122.43528,1212535327
+37.80007,-122.43965,1212535387
+37.80043,-122.43881,1212535428
+37.80043,-122.4388,1212535445
+37.80088,-122.43464,1212535489
+37.80033,-122.4345,1212535523
+37.79691,-122.4338,1212535583
+37.79383,-122.43317,1212535644
+37.79153,-122.43102,1212535714
+37.78951,-122.43065,1212535765
+37.78777,-122.42737,1212535826
+37.78839,-122.42243,1212535888
+37.78832,-122.41682,1212535963
+37.78644,-122.41676,1212536015
+37.78584,-122.41662,1212536017
+37.78584,-122.41662,1212536031
+37.78445,-122.41634,1212536077
+37.78225,-122.41581,1212536137
+37.77917,-122.41535,1212536197
+37.77916,-122.41534,1212536207
+37.77531,-122.41058,1212536268
+37.77383,-122.40866,1212536328
+37.77316,-122.40305,1212536389
+37.77204,-122.39843,1212536453
+37.75917,-122.39249,1212536513
+37.75154,-122.39265,1212536562
+37.75141,-122.39348,1212536622
+37.75169,-122.39527,1212536687
+37.75167,-122.39529,1212536742
+37.75167,-122.39529,1212536756
+37.75165,-122.39527,1212536863
+37.75156,-122.39529,1212536922
+37.75161,-122.39489,1212544199
+37.75158,-122.39493,1212544259
+37.75263,-122.38768,1212544415
+37.75517,-122.38792,1212544447
+37.76032,-122.38845,1212544492
+37.76437,-122.38887,1212544563
+37.76664,-122.389,1212544617
+37.76684,-122.39181,1212544673
+37.76672,-122.39418,1212544743
+37.77171,-122.40142,1212544793
+37.77494,-122.39774,1212544858
+37.77668,-122.39538,1212544987
+37.77681,-122.39533,1212544989
+37.7772,-122.39488,1212545036
+37.77869,-122.39307,1212545096
+37.78095,-122.39534,1212545152
+37.7853,-122.40086,1212545228
+37.78696,-122.40289,1212545277
+37.78811,-122.40486,1212545347
+37.78763,-122.40731,1212545397
+37.78682,-122.40983,1212545463
+37.78608,-122.40934,1212545513
+37.7854,-122.40961,1212545572
+37.78512,-122.40811,1212545627
+37.78608,-122.40673,1212545691
+37.78783,-122.40391,1212545762
+37.78867,-122.40221,1212545814
+37.79003,-122.4018,1212545874
+37.78631,-122.39759,1212545938
+37.78053,-122.39045,1212546115
+37.78053,-122.3904,1212546174
+37.78055,-122.39039,1212546176
+37.7805,-122.39033,1212546236
+37.77887,-122.39098,1212546356
+37.77874,-122.39118,1212546416
+37.77876,-122.39132,1212546444
+37.7787,-122.39158,1212546509
+37.77959,-122.39338,1212546532
+37.78254,-122.39706,1212546593
+37.78376,-122.3988,1212546645
+37.77842,-122.40908,1212546820
+37.77526,-122.41309,1212546887
+37.77759,-122.41654,1212546934
+37.7781,-122.41974,1212546992
+37.78271,-122.42067,1212547056
+37.78762,-122.42181,1212547123
+37.79126,-122.42253,1212547173
+37.79094,-122.42567,1212547237
+37.79033,-122.43419,1212547354
+37.79156,-122.4344,1212547428
+37.79156,-122.43442,1212547445
+37.79151,-122.43439,1212547456
+37.79015,-122.43409,1212547489
+37.7897,-122.43553,1212547524
+37.78953,-122.43718,1212547545
+37.79067,-122.43923,1212547595
+37.79068,-122.4415,1212547640
+37.79225,-122.44325,1212547718
+37.79225,-122.44323,1212547798
+37.79217,-122.44328,1212547858
+37.79217,-122.44329,1212547920
+37.79212,-122.44331,1212547984
+37.79217,-122.44329,1212548040
+37.79221,-122.44325,1212548085
+37.79442,-122.44162,1212548145
+37.79668,-122.4386,1212548205
+37.79717,-122.43718,1212548266
+37.79724,-122.43724,1212548268
+37.79952,-122.43595,1212548333
+37.80053,-122.43824,1212548388
+37.80048,-122.43927,1212548448
+37.79998,-122.44288,1212548508
+37.8004,-122.43937,1212548568
+37.80016,-122.4378,1212548633
+37.79973,-122.43604,1212548693
+37.79753,-122.43551,1212548748
+37.79772,-122.43226,1212548808
+37.79805,-122.42915,1212548868
+37.79834,-122.42733,1212548906
+37.79888,-122.42289,1212548967
+37.79647,-122.42165,1212549028
+37.79654,-122.42003,1212549089
+37.79627,-122.41863,1212549149
+37.7975,-122.40744,1212549173
+37.79632,-122.40353,1212549239
+37.79417,-122.40299,1212549293
+37.79421,-122.40494,1212549330
+37.7945,-122.4064,1212549395
+37.79469,-122.40647,1212549445
+37.79481,-122.40952,1212549505
+37.79716,-122.41026,1212549566
+37.79726,-122.41145,1212549626
+37.79788,-122.42044,1212549686
+37.80178,-122.42119,1212549747
+37.80215,-122.41811,1212549808
+37.80425,-122.41647,1212549869
+37.80602,-122.41701,1212549929
+37.8068,-122.41723,1212549961
+37.8068,-122.41723,1212549962
+37.80716,-122.41643,1212550022
+37.80745,-122.41416,1212550082
+37.80686,-122.41219,1212550143
+37.80697,-122.41039,1212550193
+37.80839,-122.40988,1212550239
+37.80839,-122.40987,1212550299
+37.80839,-122.40992,1212550350
+37.80845,-122.41063,1212550410
+37.80821,-122.41004,1212550471
+37.80657,-122.40592,1212550531
+37.80421,-122.40228,1212550602
+37.79998,-122.39849,1212550666
+37.79474,-122.394,1212550717
+37.7901,-122.38937,1212550772
+37.78535,-122.38818,1212550833
+37.78329,-122.38834,1212550893
+37.78013,-122.38983,1212550954
+37.7801,-122.38988,1212551014
+37.78012,-122.38991,1212551015
+37.78018,-122.38999,1212551018
+37.78194,-122.39219,1212551077
+37.78443,-122.39532,1212551137
+37.78661,-122.39811,1212551201
+37.78544,-122.40001,1212551259
+37.78533,-122.39984,1212551315
+37.78533,-122.39984,1212551321
+37.78619,-122.40193,1212551391
+37.78835,-122.40358,1212551422
+37.791,-122.40401,1212551482
+37.7914,-122.40695,1212551542
+37.79048,-122.41406,1212551602
+37.78951,-122.42176,1212551668
+37.78894,-122.42622,1212551722
+37.78832,-122.43109,1212551784
+37.78827,-122.43369,1212551842
+37.78827,-122.43369,1212551844
+37.7883,-122.4337,1212551854
+37.78929,-122.43072,1212551914
+37.79013,-122.42426,1212551984
+37.79006,-122.42423,1212551999
+37.79365,-122.42471,1212552064
+37.79944,-122.42588,1212552125
+37.79955,-122.42591,1212552149
+37.79954,-122.42591,1212552152
+37.80084,-122.42617,1212552216
+37.80075,-122.42975,1212552274
+37.80063,-122.4362,1212552333
+37.80044,-122.43937,1212552402
+37.80002,-122.44235,1212552456
+37.80039,-122.43928,1212552517
+37.79975,-122.43782,1212552572
+37.79952,-122.43777,1212552609
+37.79409,-122.43661,1212552691
+37.79176,-122.43445,1212552752
+37.78995,-122.43403,1212552817
+37.7898,-122.43443,1212552837
+37.79003,-122.43913,1212552906
+37.7935,-122.43975,1212552961
+37.79844,-122.44082,1212553019
+37.79915,-122.44097,1212553043
+37.79932,-122.4411,1212553104
+37.79918,-122.44108,1212553164
+37.79913,-122.44094,1212553168
+37.8002,-122.43268,1212553229
+37.80021,-122.42766,1212553294
+37.79758,-122.42718,1212553351
+37.79554,-122.4268,1212553416
+37.79057,-122.42579,1212553472
+37.7867,-122.4249,1212553533
+37.78668,-122.42486,1212553592
+37.7866,-122.4248,1212553652
+37.7863,-122.4249,1212553712
+37.78142,-122.42495,1212553777
+37.78022,-122.43441,1212553836
+37.77777,-122.43328,1212553892
+37.77534,-122.43282,1212553952
+37.77247,-122.43218,1212554012
+37.77196,-122.4322,1212554072
+37.77189,-122.43244,1212554111
+37.77177,-122.43378,1212554126
+37.77222,-122.43045,1212554187
+37.77222,-122.43045,1212554202
+37.7749,-122.43108,1212554249
+37.77761,-122.43163,1212554310
+37.77993,-122.43209,1212554369
+37.78391,-122.43287,1212554434
+37.78538,-122.43187,1212554494
+37.78611,-122.42502,1212554550
+37.78652,-122.42219,1212554611
+37.78932,-122.42202,1212554671
+37.79101,-122.42006,1212554731
+37.79101,-122.41613,1212554791
+37.79162,-122.41076,1212554850
+37.79198,-122.4107,1212554877
+37.79617,-122.41172,1212554938
+37.79943,-122.41086,1212555003
+37.80066,-122.40731,1212555058
+37.80224,-122.4046,1212555162
+37.80235,-122.40461,1212555209
+37.80096,-122.40486,1212555228
+37.80056,-122.40919,1212555278
+37.80043,-122.41004,1212555301
+37.80017,-122.41249,1212555397
+37.7974,-122.41197,1212555463
+37.79694,-122.41297,1212555488
+37.79639,-122.41299,1212555554
+37.79634,-122.41327,1212555609
+37.79631,-122.41282,1212555707
+37.79635,-122.41309,1212555758
+37.79637,-122.41305,1212555814
+37.79627,-122.41289,1212555874
+37.79711,-122.41023,1212555919
+37.79823,-122.40406,1212555979
+37.79577,-122.40387,1212556049
+37.79436,-122.40068,1212556073
+37.79436,-122.40068,1212556110
+37.7976,-122.402,1212556198
+37.79787,-122.40632,1212556255
+37.79762,-122.41012,1212556317
+37.79584,-122.42339,1212556448
+37.79606,-122.42518,1212556489
+37.79868,-122.4257,1212556550
+37.80285,-122.42813,1212556610
+37.8035,-122.42831,1212556729
+37.8035,-122.42832,1212556745
+37.80181,-122.428,1212556792
+37.80065,-122.43012,1212556856
+37.80023,-122.43611,1212556917
+37.80074,-122.43745,1212556979
+37.80015,-122.44154,1212557042
+37.79927,-122.43972,1212557098
+37.7971,-122.43517,1212557218
+37.79766,-122.43108,1212557279
+37.79782,-122.42974,1212557338
+37.79852,-122.4223,1212557458
+37.79665,-122.42191,1212557504
+37.79579,-122.42311,1212557579
+37.79542,-122.42636,1212557630
+37.79445,-122.42665,1212557692
+37.7919,-122.4327,1212557779
+37.79033,-122.43735,1212557831
+37.79015,-122.43898,1212557861
+37.78944,-122.44464,1212557931
+37.78861,-122.45089,1212557981
+37.78781,-122.45184,1212558008
+37.78757,-122.45172,1212558046
+37.78761,-122.45146,1212558065
+37.78735,-122.44692,1212558158
+37.78758,-122.44391,1212558209
+37.78796,-122.441,1212558277
+37.78879,-122.43408,1212558336
+37.78627,-122.4335,1212558392
+37.78526,-122.43326,1212558452
+37.78514,-122.43274,1212558489
+37.78803,-122.43334,1212558619
+37.78743,-122.43783,1212558679
+37.78753,-122.44355,1212558732
+37.78785,-122.44376,1212558863
+37.78776,-122.4439,1212558915
+37.78775,-122.44383,1212558977
+37.78777,-122.44385,1212558999
+37.78787,-122.44386,1212559011
+37.78745,-122.44463,1212559066
+37.788,-122.44089,1212559122
+37.78782,-122.44091,1212559182
+37.78791,-122.44089,1212559244
+37.78787,-122.44091,1212559287
+37.78634,-122.44652,1212559350
+37.78219,-122.45021,1212559404
+37.78677,-122.4504,1212559713
+37.78698,-122.44899,1212559729
+37.78729,-122.44665,1212559747
+37.78573,-122.44355,1212559820
+37.7874,-122.43013,1212559929
+37.7873,-122.42511,1212559989
+37.776,-122.4209,1212560315
+37.77627,-122.42055,1212560316
+37.78451,-122.42107,1212560457
+37.78467,-122.42114,1212560500
+37.7857,-122.42133,1212560545
+37.79085,-122.42243,1212560588
+37.79559,-122.42327,1212560653
+37.79639,-122.41786,1212560713
+37.79738,-122.41047,1212560770
+37.79876,-122.41052,1212560830
+37.8014,-122.40892,1212560896
+37.80171,-122.40675,1212560951
+37.8017,-122.40675,1212561010
+37.8017,-122.40676,1212561011
+37.80104,-122.40932,1212561076
+37.80048,-122.4092,1212561117
+37.7999,-122.40967,1212561194
+37.79875,-122.40806,1212561241
+37.79585,-122.40378,1212561306
+37.79211,-122.40236,1212561362
+37.79061,-122.40295,1212561426
+37.78694,-122.40239,1212561586
+37.78746,-122.40304,1212561608
+37.78793,-122.40357,1212561609
+37.79193,-122.40287,1212561669
+37.79341,-122.40031,1212561729
+37.79337,-122.39895,1212561760
+37.79338,-122.39701,1212561820
+37.79241,-122.39375,1212561999
+37.79314,-122.3965,1212562068
+37.79469,-122.39761,1212562121
+37.79441,-122.39797,1212562269
+37.79441,-122.39796,1212562276
+37.79402,-122.40049,1212562331
+37.79408,-122.40448,1212562391
+37.79317,-122.40772,1212562422
+37.79253,-122.41252,1212562482
+37.79606,-122.41398,1212562542
+37.79605,-122.41411,1212562607
+37.79602,-122.41435,1212562610
+37.79371,-122.41461,1212562672
+37.79141,-122.41387,1212562731
+37.79054,-122.41332,1212562752
+37.79193,-122.40934,1212562826
+37.7923,-122.40767,1212562884
+37.79291,-122.40298,1212562895
+37.79375,-122.40061,1212562957
+37.79345,-122.39745,1212563026
+37.79407,-122.39562,1212563077
+37.79308,-122.39526,1212563138
+37.79326,-122.39488,1212563202
+37.7932,-122.39493,1212563263
+37.7928,-122.39575,1212563331
+37.79286,-122.39571,1212563377
+37.79309,-122.39522,1212563437
+37.79317,-122.39522,1212563511
+37.79327,-122.39504,1212563566
+37.79265,-122.39642,1212563630
+37.79321,-122.3952,1212563680
+37.79315,-122.39522,1212563740
+37.79292,-122.39581,1212563805
+37.79318,-122.39522,1212563860
+37.79314,-122.39534,1212563931
+37.79294,-122.39578,1212563980
+37.79331,-122.39496,1212564043
+37.79331,-122.39495,1212564100
+37.79326,-122.3953,1212564166
+37.79324,-122.39519,1212564226
+37.79313,-122.39544,1212564244
+37.79322,-122.39515,1212564315
+37.79326,-122.39498,1212564367
+37.79336,-122.39535,1212564485
+37.79338,-122.39527,1212564545
+37.79333,-122.39549,1212564606
+37.79333,-122.39549,1212564641
+37.79325,-122.39574,1212564699
+37.79324,-122.39605,1212564760
+37.79322,-122.39589,1212564820
+37.79335,-122.39552,1212564890
+37.79335,-122.39558,1212564940
+37.7933,-122.39563,1212565006
+37.79335,-122.39558,1212565060
+37.79335,-122.3955,1212565121
+37.79336,-122.39556,1212565180
+37.79355,-122.39527,1212565242
+37.79344,-122.39543,1212565301
+37.79332,-122.3956,1212565361
+37.79327,-122.39566,1212565421
+37.7932,-122.39578,1212565482
+37.79326,-122.39567,1212565558
+37.7933,-122.39567,1212565602
+37.79336,-122.39557,1212565663
+37.7929,-122.3963,1212565724
+37.79308,-122.39602,1212565791
+37.79322,-122.39587,1212565849
+37.79322,-122.39582,1212565904
+37.79281,-122.39647,1212565966
+37.79182,-122.3977,1212566029
+37.79313,-122.39608,1212566085
+37.79311,-122.39612,1212566144
+37.79307,-122.39616,1212566190
+37.79307,-122.39612,1212566250
+37.79311,-122.39607,1212566311
+37.79314,-122.39601,1212566378
+37.79286,-122.39627,1212566431
+37.79312,-122.396,1212566491
+37.79345,-122.39709,1212566573
+37.79308,-122.39726,1212566636
+37.79297,-122.39718,1212566660
+37.79109,-122.39754,1212566717
+37.79093,-122.39755,1212566777
+37.78355,-122.39837,1212566838
+37.78393,-122.40352,1212566897
+37.77896,-122.41128,1212566957
+37.77769,-122.41589,1212567024
+37.77692,-122.42282,1212567079
+37.77536,-122.42755,1212567140
+37.7749,-122.43101,1212567200
+37.7739,-122.43895,1212567262
+37.77206,-122.43892,1212567322
+37.77205,-122.43891,1212567351
+37.77245,-122.43721,1212567408
+37.77425,-122.43764,1212567458
+37.77499,-122.43769,1212567485
+37.77338,-122.43566,1212567540
+37.77394,-122.43097,1212567600
+37.77139,-122.42848,1212567660
+37.77132,-122.42691,1212567710
+37.77184,-122.42868,1212567770
+37.77224,-122.42874,1212567836
+37.77233,-122.42876,1212567865
+37.77488,-122.42457,1212567910
+37.7753,-122.42102,1212567985
+37.77847,-122.41847,1212568031
+37.77878,-122.4157,1212568091
+37.78007,-122.41297,1212568152
+37.78161,-122.40941,1212568212
+37.78139,-122.40923,1212568269
+37.78139,-122.40923,1212568270
+37.78112,-122.4084,1212568330
+37.78377,-122.41082,1212568390
+37.7882,-122.41189,1212568450
+37.78819,-122.41639,1212568511
+37.78907,-122.41854,1212568571
+37.79081,-122.41966,1212568631
+37.79074,-122.41964,1212568663
+37.79075,-122.41964,1212568723
+37.7908,-122.4196,1212568783
+37.79075,-122.41922,1212568844
+37.79079,-122.4192,1212568852
+37.79017,-122.41723,1212568912
+37.78944,-122.41448,1212568974
+37.78991,-122.41091,1212569032
+37.78985,-122.41077,1212569092
+37.78995,-122.41058,1212569152
+37.79083,-122.40441,1212569213
+37.79234,-122.40411,1212569272
+37.79361,-122.39908,1212569332
+37.79195,-122.39648,1212569392
+37.79315,-122.39496,1212569452
+37.79335,-122.39447,1212569522
+37.79318,-122.39462,1212569572
+37.79291,-122.39507,1212569632
+37.79335,-122.39455,1212569692
+37.79332,-122.39461,1212569757
+37.79349,-122.3944,1212569818
+37.79342,-122.39443,1212569872
+37.794,-122.3938,1212569932
+37.7939,-122.39393,1212569993
+37.79332,-122.39446,1212570057
+37.79303,-122.39452,1212570113
+37.79348,-122.39411,1212570173
+37.79309,-122.39473,1212570233
+37.79336,-122.39451,1212570298
+37.79352,-122.39447,1212570358
+37.79354,-122.3945,1212570428
+37.79338,-122.39447,1212570481
+37.79354,-122.39452,1212570534
+37.79383,-122.3941,1212570606
+37.79267,-122.39504,1212570644
+37.79276,-122.39411,1212570677
+37.79333,-122.39299,1212570742
+37.79404,-122.39593,1212570935
+37.79489,-122.39663,1212570995
+37.79494,-122.39665,1212571055
+37.79499,-122.39664,1212571115
+37.79505,-122.39654,1212571176
+37.79508,-122.39647,1212571236
+37.79499,-122.39659,1212571290
+37.79497,-122.39661,1212571349
+37.79499,-122.39662,1212571409
+37.79432,-122.39963,1212571470
+37.79498,-122.39973,1212571531
+37.79547,-122.39871,1212571591
+37.79431,-122.39815,1212571651
+37.79192,-122.39875,1212571711
+37.79229,-122.39819,1212571771
+37.79261,-122.39779,1212571832
+37.79248,-122.3978,1212571892
+37.79275,-122.39757,1212571952
+37.79212,-122.39812,1212572009
+37.79241,-122.39784,1212572068
+37.79245,-122.39769,1212572111
+37.79259,-122.39759,1212572139
+37.79254,-122.39773,1212572198
+37.79234,-122.39805,1212572259
+37.79242,-122.39775,1212572319
+37.79225,-122.39778,1212572379
+37.79215,-122.39781,1212572400
+37.79224,-122.40047,1212572461
+37.79202,-122.40366,1212572525
+37.79096,-122.41194,1212572581
+37.78967,-122.42024,1212572642
+37.79001,-122.42396,1212572702
+37.79002,-122.42394,1212572722
+37.79299,-122.42337,1212572782
+37.793,-122.42338,1212572789
+37.79324,-122.4214,1212572849
+37.79598,-122.42156,1212572913
+37.79636,-122.41793,1212572970
+37.79822,-122.40399,1212573030
+37.79455,-122.40305,1212573087
+37.794,-122.40301,1212573101
+37.79029,-122.40202,1212573162
+37.78731,-122.40039,1212573222
+37.78347,-122.40241,1212573282
+37.78012,-122.39983,1212573342
+37.76909,-122.4055,1212573403
+37.75567,-122.40322,1212573460
+37.74256,-122.40693,1212573513
+37.73157,-122.4052,1212573573
+37.73273,-122.40495,1212573635
+37.73345,-122.40225,1212573695
+37.73244,-122.40131,1212573721
+37.73244,-122.40132,1212573722
+37.73106,-122.40203,1212573782
+37.73351,-122.40491,1212573842
+37.73894,-122.40693,1212573907
+37.74313,-122.40508,1212573967
+37.74814,-122.40311,1212574027
+37.74941,-122.40156,1212574063
+37.74971,-122.39652,1212574112
+37.75193,-122.39374,1212574186
+37.75163,-122.39528,1212574363
+37.75155,-122.39527,1212574419
+37.75154,-122.39525,1212574474
+37.75155,-122.39526,1212574539
+37.75157,-122.39529,1212574594
+37.75137,-122.39535,1212574664
+37.75133,-122.39532,1212574783
+37.75129,-122.3952,1212574834
+37.75173,-122.39489,1212574894
+37.75169,-122.39488,1212574961
+37.75196,-122.39488,1212575019
+37.75172,-122.39506,1212575076
+37.75172,-122.39506,1212575136
+37.75172,-122.39505,1212575205
+37.75173,-122.39505,1212575265
+37.74829,-122.41361,1212589201
+37.74822,-122.41679,1212589245
+37.74822,-122.41679,1212589261
+37.74818,-122.41796,1212589281
+37.74876,-122.4229,1212589376
+37.75012,-122.42727,1212589433
+37.75159,-122.4297,1212589489
+37.75142,-122.43198,1212589538
+37.7513,-122.43198,1212589600
+37.75132,-122.43195,1212589659
+37.75134,-122.43194,1212589707
+37.75134,-122.43194,1212589767
+37.75131,-122.43189,1212589792
+37.75139,-122.43192,1212589853
+37.75132,-122.43192,1212589913
+37.75137,-122.43193,1212589973
+37.75134,-122.43191,1212590034
+37.75128,-122.43191,1212590094
+37.75129,-122.43192,1212590153
+37.75129,-122.43193,1212590227
+37.75131,-122.43193,1212590274
+37.7514,-122.43194,1212590335
+37.75134,-122.43197,1212590394
+37.75127,-122.43198,1212590447
+37.75127,-122.43199,1212590469
+37.75132,-122.4319,1212590529
+37.75128,-122.43191,1212590590
+37.75128,-122.43191,1212590637
+37.75129,-122.43192,1212590694
+37.75133,-122.43197,1212590754
+37.75,-122.43176,1212590814
+37.75,-122.43176,1212590827
+37.74894,-122.43368,1212590875
+37.74866,-122.43781,1212590936
+37.74713,-122.44368,1212590996
+37.74692,-122.44395,1212591056
+37.74675,-122.44462,1212591116
+37.75058,-122.44566,1212591176
+37.75185,-122.44447,1212591236
+37.75226,-122.44457,1212591296
+37.75297,-122.44467,1212591312
+37.75613,-122.44434,1212591372
+37.75875,-122.44847,1212591433
+37.76043,-122.44682,1212591494
+37.7616,-122.44663,1212591556
+37.76488,-122.44756,1212591599
+37.76625,-122.4462,1212591683
+37.76374,-122.44643,1212591805
+37.76374,-122.44643,1212591820
+37.7671,-122.44634,1212591861
+37.76883,-122.44901,1212591930
+37.76846,-122.45336,1212591981
+37.77062,-122.45381,1212592036
+37.77444,-122.45454,1212592113
+37.77726,-122.45514,1212592158
+37.78125,-122.45625,1212592228
+37.78126,-122.46163,1212592356
+37.78126,-122.46163,1212592367
+37.78126,-122.46163,1212592394
+37.78114,-122.46197,1212592440
+37.77424,-122.45873,1212592610
+37.77448,-122.4567,1212592680
+37.77471,-122.45498,1212592790
+37.77507,-122.45192,1212592845
+37.77617,-122.44318,1212592905
+37.77666,-122.43965,1212593063
+37.77776,-122.4383,1212593119
+37.78169,-122.43911,1212593172
+37.7827,-122.43933,1212593236
+37.78482,-122.43971,1212593324
+37.7877,-122.44035,1212593442
+37.78555,-122.43658,1212593535
+37.78488,-122.4351,1212593559
+37.78559,-122.42961,1212593627
+37.78639,-122.42355,1212593683
+37.78685,-122.42253,1212593744
+37.78675,-122.4198,1212593804
+37.78767,-122.41309,1212593859
+37.78744,-122.40665,1212593922
+37.78599,-122.4063,1212593985
+37.78501,-122.40484,1212594052
+37.78444,-122.40446,1212594058
+37.78284,-122.40647,1212594118
+37.78285,-122.40646,1212594146
+37.78485,-122.40702,1212594204
+37.78664,-122.40461,1212594264
+37.78817,-122.40269,1212594330
+37.78885,-122.40191,1212594395
+37.79098,-122.40018,1212594453
+37.79332,-122.39674,1212594577
+37.79716,-122.39798,1212594636
+37.7996,-122.40004,1212594691
+37.801,-122.40035,1212594779
+37.80095,-122.40033,1212594797
+37.7979,-122.39978,1212594859
+37.79644,-122.40026,1212594916
+37.79431,-122.39944,1212594957
+37.7918,-122.40494,1212595076
+37.79095,-122.41023,1212595138
+37.79028,-122.4158,1212595196
+37.78975,-122.42204,1212595256
+37.78912,-122.42474,1212595318
+37.78861,-122.42845,1212595392
+37.78705,-122.441,1212595475
+37.78409,-122.4474,1212595537
+37.77167,-122.44567,1212595659
+37.76897,-122.44784,1212595722
+37.76464,-122.45178,1212595843
+37.76386,-122.45726,1212595903
+37.76383,-122.45728,1212595923
+37.76383,-122.45728,1212595930
+37.76279,-122.46052,1212595976
+37.76375,-122.46095,1212596011
+37.76257,-122.46102,1212596089
+37.76363,-122.45733,1212596153
+37.76418,-122.456,1212596210
+37.76406,-122.45423,1212596232
+37.76377,-122.45413,1212596252
+37.76838,-122.45335,1212596411
+37.77158,-122.4495,1212596477
+37.77272,-122.44089,1212596531
+37.77374,-122.43278,1212596657
+37.77862,-122.43179,1212596774
+37.77983,-122.42243,1212596895
+37.78019,-122.41875,1212597007
+37.78165,-122.41704,1212597069
+37.78209,-122.41253,1212597099
+37.78246,-122.4107,1212597166
+37.78548,-122.41129,1212597231
+37.78605,-122.41101,1212597262
+37.78606,-122.411,1212597268
+37.78798,-122.41143,1212597328
+37.79166,-122.41155,1212597383
+37.79162,-122.41061,1212597445
+37.79157,-122.41066,1212597505
+37.79154,-122.41065,1212597565
+37.79187,-122.41069,1212597625
+37.79182,-122.41067,1212597685
+37.79151,-122.41056,1212597745
+37.79147,-122.41057,1212597805
+37.7915,-122.41048,1212597870
+37.79187,-122.41058,1212597925
+37.79201,-122.41065,1212597985
+37.79208,-122.41068,1212598045
+37.79204,-122.41067,1212598078
+37.79213,-122.41079,1212598137
+37.79218,-122.41084,1212598202
+37.79238,-122.411,1212598257
+37.79229,-122.41081,1212598318
+37.79213,-122.41077,1212598378
+37.79198,-122.41077,1212598438
+37.79189,-122.41073,1212598498
+37.79187,-122.41067,1212598558
+37.7921,-122.41079,1212598618
+37.792,-122.41079,1212598628
+37.79253,-122.4138,1212598686
+37.79932,-122.40321,1212598731
+37.79197,-122.41757,1212598754
+37.79009,-122.41725,1212598806
+37.78659,-122.41648,1212598880
+37.78569,-122.41684,1212598939
+37.78438,-122.41625,1212598993
+37.78215,-122.41576,1212599049
+37.77796,-122.41398,1212599119
+37.77346,-122.40829,1212599169
+37.77346,-122.40829,1212599183
+37.77151,-122.40577,1212599234
+37.77429,-122.40064,1212599290
+37.74899,-122.39279,1212599392
+37.73751,-122.40208,1212599454
+37.71127,-122.3957,1212599548
+37.69804,-122.39276,1212599595
+37.68454,-122.38972,1212599654
+37.6215,-122.40056,1212599892
+37.6177,-122.38529,1212600032
+37.61816,-122.38634,1212600080
+37.61811,-122.3864,1212600144
+37.61804,-122.38647,1212600173
+37.61469,-122.39152,1212600223
+37.61556,-122.38793,1212600285
+37.61605,-122.38817,1212600350
+37.61508,-122.39031,1212600417
+37.61563,-122.38757,1212600486
+37.61628,-122.38636,1212603012
+37.61637,-122.38627,1212603083
+37.61642,-122.38624,1212603123
+37.61643,-122.38621,1212603184
+37.61639,-122.38628,1212603245
+37.61635,-122.38632,1212603305
+37.61636,-122.38632,1212603365
+37.61635,-122.38633,1212603419
+37.61631,-122.38638,1212603479
+37.6163,-122.38635,1212603539
+37.61631,-122.38633,1212603599
+37.61633,-122.38632,1212603664
+37.61636,-122.38629,1212603735
+37.61639,-122.38626,1212603790
+37.6164,-122.38624,1212603844
+37.61637,-122.38626,1212603911
+37.61636,-122.38625,1212603960
+37.61635,-122.38626,1212604020
+37.61638,-122.38616,1212604080
+37.615,-122.38675,1212604687
+37.61769,-122.38603,1212604747
+37.6149,-122.39368,1212604814
+37.61469,-122.39028,1212604875
+37.6148,-122.3901,1212604909
+37.6148,-122.3901,1212604969
+37.61485,-122.39012,1212605029
+37.61486,-122.39011,1212605063
+37.61485,-122.3901,1212605134
+37.61485,-122.39011,1212605183
+37.61486,-122.39009,1212605243
+37.61501,-122.39013,1212605377
+37.61503,-122.3902,1212605471
+37.61598,-122.39082,1212605519
+37.62035,-122.39945,1212605574
+37.6336,-122.40248,1212605635
+37.63807,-122.40451,1212605658
+37.6518,-122.40673,1212605717
+37.66355,-122.39913,1212605777
+37.67456,-122.38928,1212605829
+37.68818,-122.39024,1212605877
+37.70172,-122.39331,1212605928
+37.715,-122.39779,1212605991
+37.728,-122.40245,1212606041
+37.74118,-122.39868,1212606094
+37.75339,-122.39135,1212606144
+37.76688,-122.39491,1212606192
+37.77528,-122.39512,1212606252
+37.77587,-122.39422,1212606312
+37.77597,-122.3941,1212606352
+37.7773,-122.3927,1212606413
+37.78044,-122.39468,1212606483
+37.78162,-122.39622,1212606535
+37.78368,-122.39884,1212606599
+37.78636,-122.40206,1212606655
+37.78729,-122.40305,1212606725
+37.79214,-122.40373,1212606785
+37.79304,-122.40367,1212606835
+37.79465,-122.40417,1212606865
+37.79465,-122.40417,1212606868
+37.79532,-122.4045,1212606965
+37.79671,-122.40515,1212607015
+37.79848,-122.40754,1212607077
+37.79972,-122.40911,1212607136
+37.79972,-122.4091,1212607146
+37.79998,-122.41271,1212607206
+37.7987,-122.41574,1212607265
+37.79483,-122.41474,1212607320
+37.79265,-122.4141,1212607381
+37.79166,-122.4108,1212607442
+37.78908,-122.41017,1212607503
+37.78698,-122.40982,1212607562
+37.78698,-122.40982,1212607577
+37.78636,-122.40857,1212607622
+37.78671,-122.40823,1212607690
+37.78958,-122.40974,1212607743
+37.78936,-122.40957,1212607804
+37.78936,-122.40956,1212607810
+37.78973,-122.40973,1212607876
+37.78939,-122.40921,1212607936
+37.78995,-122.40874,1212607995
+37.79029,-122.40765,1212608051
+37.7915,-122.40738,1212608113
+37.79146,-122.4074,1212608171
+37.79146,-122.40735,1212608232
+37.79146,-122.40742,1212608300
+37.7915,-122.40743,1212608354
+37.79143,-122.40739,1212608414
+37.79143,-122.40737,1212608474
+37.7914,-122.40732,1212608536
+37.7914,-122.40732,1212608552
+37.79154,-122.40738,1212608594
+37.79144,-122.40732,1212608659
+37.79145,-122.40735,1212608715
+37.79139,-122.40722,1212608775
+37.79143,-122.40722,1212608836
+37.79163,-122.40744,1212608896
+37.79144,-122.40742,1212608956
+37.79171,-122.40737,1212609016
+37.79167,-122.40735,1212609076
+37.7915,-122.40731,1212609136
+37.79151,-122.40736,1212609197
+37.79149,-122.40738,1212609316
+37.79152,-122.40735,1212609377
+37.79154,-122.40734,1212609437
+37.79155,-122.40734,1212609496
+37.79145,-122.40739,1212609558
+37.79145,-122.40737,1212609617
+37.7916,-122.40741,1212609682
+37.79159,-122.40739,1212609738
+37.79159,-122.40739,1212609754
+37.79162,-122.40739,1212609803
+37.79165,-122.40737,1212609864
+37.79163,-122.40731,1212609928
+37.79154,-122.40741,1212609992
+37.7916,-122.40739,1212610039
+37.79154,-122.40735,1212610294
+37.79165,-122.40739,1212610345
+37.79165,-122.40738,1212610466
+37.79157,-122.40738,1212610525
+37.79154,-122.40741,1212610596
+37.79154,-122.40743,1212610654
+37.79142,-122.40748,1212610708
+37.79162,-122.40741,1212610777
+37.79157,-122.40739,1212610832
+37.7916,-122.40732,1212610853
+37.79159,-122.40739,1212610913
+37.79157,-122.40738,1212610973
+37.7916,-122.40737,1212611040
+37.79158,-122.4074,1212611099
+37.79157,-122.40745,1212611156
+37.79151,-122.40748,1212611214
+37.79153,-122.40743,1212611280
+37.79157,-122.40743,1212611338
+37.79155,-122.4074,1212611396
+37.7916,-122.4074,1212611456
+37.79163,-122.40735,1212611516
+37.79158,-122.4074,1212611581
+37.79164,-122.40746,1212611636
+37.79164,-122.40743,1212611696
+37.79169,-122.4074,1212611756
+37.7914,-122.40759,1212611816
+37.7915,-122.40759,1212611883
+37.79169,-122.40769,1212611941
+37.79164,-122.40768,1212612001
+37.79153,-122.40752,1212612078
+37.79152,-122.40748,1212612121
+37.79156,-122.40743,1212612181
+37.79146,-122.40752,1212612263
+37.79147,-122.40749,1212612302
+37.79153,-122.4074,1212612331
+37.79197,-122.40711,1212612391
+37.79264,-122.40546,1212612445
+37.79112,-122.40452,1212612504
+37.79112,-122.40452,1212612516
+37.7921,-122.39377,1212612788
+37.79179,-122.39335,1212612820
+37.79117,-122.39008,1212612911
+37.79411,-122.39263,1212612980
+37.79487,-122.3934,1212612996
+37.79504,-122.3938,1212613056
+37.7991,-122.39745,1212613114
+37.80385,-122.40165,1212613171
+37.80599,-122.40434,1212613231
+37.80627,-122.40468,1212613283
+37.80627,-122.40468,1212613328
+37.80658,-122.4064,1212613334
+37.80716,-122.41895,1212613607
+37.80761,-122.41902,1212613666
+37.80671,-122.41994,1212613674
+37.80412,-122.41571,1212613733
+37.79926,-122.40874,1212613799
+37.79824,-122.40733,1212613823
+37.79706,-122.41193,1212613916
+37.79561,-122.40987,1212613965
+37.7957,-122.40923,1212614002
+37.79568,-122.40918,1212614062
+37.79568,-122.40915,1212614122
+37.79578,-122.4085,1212614182
+37.79343,-122.40774,1212614242
+37.7902,-122.40677,1212614295
+37.78768,-122.40666,1212614356
+37.78378,-122.40335,1212614422
+37.78184,-122.40087,1212614477
+37.77562,-122.40578,1212614549
+37.76188,-122.40598,1212614607
+37.74845,-122.40406,1212614656
+37.74402,-122.40585,1212614671
+37.73288,-122.41329,1212614731
+37.7323,-122.4301,1212614784
+37.72107,-122.44833,1212614857
+37.71152,-122.45569,1212614913
+37.71589,-122.46542,1212615161
+37.71589,-122.46542,1212615184
+37.71589,-122.46541,1212615226
+37.71538,-122.46536,1212615246
+37.71422,-122.46368,1212615306
+37.71168,-122.45906,1212615366
+37.71127,-122.45609,1212615426
+37.71062,-122.45508,1212615486
+37.70978,-122.44973,1212615546
+37.71021,-122.44861,1212615575
+37.71027,-122.45456,1212615692
+37.71016,-122.45673,1212615752
+37.70761,-122.45985,1212615813
+37.70522,-122.46376,1212615876
+37.70523,-122.4671,1212615933
+37.70513,-122.47037,1212615994
+37.70514,-122.47037,1212616055
+37.70456,-122.47379,1212616108
+37.6915,-122.47047,1212616165
+37.67791,-122.47159,1212616216
+37.66542,-122.46581,1212616260
+37.65402,-122.4566,1212616303
+37.64333,-122.44644,1212616343
+37.63168,-122.43669,1212616390
+37.63239,-122.4202,1212616445
+37.63544,-122.40402,1212616489
+37.64922,-122.40644,1212616537
+37.6546,-122.40364,1212616607
+37.65492,-122.40876,1212616800
+37.65492,-122.40876,1212616877
+37.65418,-122.40814,1212616931
+37.65409,-122.40819,1212616933
+37.64998,-122.4084,1212617000
+37.64596,-122.40672,1212617053
+37.6323,-122.40347,1212617116
+37.61888,-122.39979,1212617158
+37.61561,-122.38879,1212617212
+37.61632,-122.38596,1212617287
+37.61632,-122.38598,1212617333
+37.61629,-122.38596,1212617394
+37.6163,-122.38595,1212617457
+37.61632,-122.38596,1212617516
+37.61521,-122.3868,1212618103
+37.61707,-122.38446,1212618165
+37.61611,-122.38834,1212618748
+37.61687,-122.39826,1212618809
+37.63071,-122.40249,1212618862
+37.65795,-122.40554,1212618950
+37.66215,-122.39624,1212619010
+37.66008,-122.39984,1212619070
+37.66004,-122.40025,1212619117
+37.66034,-122.40009,1212619242
+37.66001,-122.39633,1212619302
+37.66187,-122.39593,1212619363
+37.66284,-122.39847,1212619414
+37.65697,-122.40621,1212619486
+37.64932,-122.40673,1212619505
+37.63579,-122.40418,1212619552
+37.62252,-122.40099,1212619596
+37.61509,-122.39021,1212619662
+37.61514,-122.3866,1212619785
+37.61651,-122.38433,1212619927
+37.61623,-122.38849,1212620491
+37.62093,-122.39974,1212620554
+37.63448,-122.40304,1212620594
+37.64834,-122.40649,1212620638
+37.65435,-122.40689,1212620659
+37.66559,-122.39675,1212620708
+37.6777,-122.38832,1212620754
+37.69112,-122.39101,1212620799
+37.70475,-122.39408,1212620843
+37.71793,-122.39924,1212620889
+37.73174,-122.40448,1212620939
+37.74353,-122.39581,1212620987
+37.75676,-122.39222,1212621053
+37.76472,-122.39297,1212621097
+37.76669,-122.39458,1212621157
+37.76887,-122.39693,1212621218
+37.77189,-122.39771,1212621278
+37.77379,-122.39989,1212621339
+37.77588,-122.40225,1212621399
+37.77842,-122.40539,1212621468
+37.77973,-122.40702,1212621521
+37.78221,-122.41008,1212621592
+37.7859,-122.41091,1212621642
+37.78631,-122.41087,1212621664
+37.78675,-122.41101,1212621741
+37.78644,-122.41305,1212621785
+37.78644,-122.41306,1212621796
+37.78642,-122.41306,1212621809
+37.78468,-122.41288,1212621869
+37.78468,-122.41288,1212621884
+37.78225,-122.41071,1212621930
+37.78099,-122.409,1212621990
+37.77801,-122.40516,1212622052
+37.77645,-122.40326,1212622083
+37.77495,-122.40129,1212622113
+37.76294,-122.39282,1212622207
+37.75316,-122.39244,1212622267
+37.75278,-122.39276,1212622328
+37.75093,-122.3934,1212622390
+37.75163,-122.39531,1212622448
+37.75168,-122.39527,1212622508
+37.75164,-122.39527,1212622579
+37.75163,-122.39522,1212622693
+37.75166,-122.39485,1212630631
+37.75166,-122.39485,1212630640
+37.75164,-122.39483,1212630699
+37.75163,-122.39483,1212630757
+37.75163,-122.39484,1212630817
+37.75164,-122.39484,1212630877
+37.75164,-122.39484,1212630921
+37.75167,-122.39489,1212631005
+37.75059,-122.39532,1212631065
+37.75003,-122.39133,1212631125
+37.7526,-122.38763,1212631185
+37.75661,-122.388,1212631245
+37.75794,-122.38844,1212631306
+37.75792,-122.38844,1212631366
+37.75786,-122.38839,1212631385
+37.75172,-122.38773,1212631443
+37.74669,-122.38733,1212631494
+37.74161,-122.38838,1212631554
+37.73796,-122.38966,1212631623
+37.73542,-122.39053,1212631688
+37.73206,-122.39176,1212631735
+37.73202,-122.39177,1212631811
+37.73409,-122.39085,1212631926
+37.74239,-122.38796,1212632029
+37.75523,-122.3879,1212632181
+37.75923,-122.38834,1212632246
+37.76336,-122.38871,1212632296
+37.76655,-122.38898,1212632374
+37.7667,-122.39448,1212632424
+37.77001,-122.39932,1212632477
+37.77403,-122.39885,1212632538
+37.77692,-122.39519,1212632598
+37.77874,-122.39322,1212632648
+37.77902,-122.39265,1212632708
+37.77908,-122.39266,1212632768
+37.77669,-122.39429,1212632828
+37.77719,-122.39242,1212632945
+37.77724,-122.39238,1212632959
+37.77702,-122.39113,1212633024
+37.77732,-122.39129,1212633079
+37.77802,-122.39187,1212633139
+37.78389,-122.39913,1212633199
+37.78352,-122.40253,1212633259
+37.78043,-122.40661,1212633319
+37.7755,-122.4127,1212633380
+37.77737,-122.41625,1212633440
+37.77701,-122.42173,1212633501
+37.77694,-122.4229,1212633571
+37.77547,-122.42277,1212633599
+37.77552,-122.42279,1212633659
+37.77589,-122.42111,1212633724
+37.77714,-122.41954,1212633764
+37.77716,-122.41958,1212633769
+37.78333,-122.4208,1212633830
+37.78513,-122.4184,1212633890
+37.78566,-122.41352,1212633955
+37.78713,-122.41167,1212634010
+37.78796,-122.41058,1212634070
+37.78863,-122.40423,1212634130
+37.78954,-122.40419,1212634190
+37.79202,-122.40436,1212634251
+37.79295,-122.4032,1212634312
+37.79295,-122.4032,1212634316
+37.79271,-122.40259,1212634376
+37.79175,-122.40699,1212634436
+37.79102,-122.40936,1212634496
+37.78988,-122.41854,1212634556
+37.78943,-122.42191,1212634616
+37.78905,-122.42507,1212634676
+37.7884,-122.43019,1212634736
+37.78756,-122.43655,1212634797
+37.78588,-122.44343,1212634858
+37.78596,-122.44191,1212634893
+37.78605,-122.44131,1212634961
+37.78605,-122.44129,1212634963
+37.78798,-122.44035,1212635023
+37.78801,-122.44033,1212635024
+37.7891,-122.43213,1212635085
+37.79008,-122.42425,1212635145
+37.79045,-122.42267,1212635205
+37.79065,-122.42007,1212635265
+37.79128,-122.41523,1212635325
+37.79343,-122.41287,1212635385
+37.79379,-122.4099,1212635445
+37.79449,-122.40976,1212635487
+37.7946,-122.40983,1212635489
+37.79751,-122.40941,1212635549
+37.79721,-122.40368,1212635610
+37.79497,-122.40102,1212635670
+37.79558,-122.3988,1212635712
+37.79456,-122.39788,1212635772
+37.79385,-122.39759,1212635832
+37.79364,-122.39528,1212635892
+37.79273,-122.39422,1212635959
+37.79257,-122.39277,1212636012
+37.79092,-122.39321,1212636072
+37.79079,-122.39355,1212636077
+37.79254,-122.39607,1212636137
+37.79283,-122.39687,1212636197
+37.7948,-122.39991,1212636258
+37.79224,-122.40507,1212636320
+37.79093,-122.41096,1212636380
+37.79034,-122.41388,1212636440
+37.78992,-122.41323,1212636500
+37.79004,-122.41224,1212636524
+37.79002,-122.41219,1212636530
+37.79045,-122.40762,1212636585
+37.79102,-122.41046,1212636645
+37.79005,-122.41805,1212636705
+37.78905,-122.42534,1212636765
+37.78791,-122.43411,1212636825
+37.78678,-122.44328,1212636886
+37.78452,-122.45015,1212636947
+37.78396,-122.45646,1212637007
+37.78323,-122.45929,1212637067
+37.78313,-122.46113,1212637138
+37.78315,-122.46113,1212637155
+37.78316,-122.46113,1212637157
+37.78302,-122.46398,1212637217
+37.78302,-122.46401,1212637235
+37.77925,-122.46423,1212637295
+37.77367,-122.46396,1212637355
+37.77233,-122.46663,1212637420
+37.769,-122.46906,1212637476
+37.76558,-122.46647,1212637536
+37.76536,-122.46641,1212637573
+37.76533,-122.46641,1212637575
+37.76396,-122.46837,1212637640
+37.76403,-122.46623,1212637709
+37.76411,-122.46439,1212637751
+37.76234,-122.46287,1212637805
+37.76325,-122.45801,1212637861
+37.76397,-122.45622,1212637922
+37.7659,-122.45288,1212637982
+37.76796,-122.45328,1212638042
+37.7695,-122.45084,1212638113
+37.76779,-122.45331,1212638182
+37.76605,-122.45777,1212638244
+37.76615,-122.46267,1212638298
+37.76599,-122.46623,1212638363
+37.7623,-122.46732,1212638418
+37.76036,-122.4676,1212638474
+37.76038,-122.4682,1212638492
+37.76397,-122.46867,1212638552
+37.76397,-122.46965,1212638612
+37.76373,-122.47471,1212638673
+37.76696,-122.47779,1212638733
+37.77199,-122.48297,1212638793
+37.77819,-122.48459,1212638857
+37.78009,-122.48781,1212638913
+37.78003,-122.48914,1212638950
+37.78014,-122.49442,1212639010
+37.78462,-122.49937,1212639123
+37.78525,-122.4999,1212639183
+37.78508,-122.49974,1212639243
+37.78508,-122.49974,1212639303
+37.78509,-122.49972,1212639364
+37.78519,-122.49991,1212639425
+37.7852,-122.49991,1212639485
+37.7852,-122.49992,1212639545
+37.78515,-122.49979,1212639570
+37.78074,-122.49451,1212639625
+37.77964,-122.49362,1212639684
+37.7799,-122.48731,1212639749
+37.77845,-122.48466,1212639816
+37.7732,-122.48443,1212639865
+37.77191,-122.48329,1212639925
+37.76667,-122.47769,1212639989
+37.76072,-122.477,1212640045
+37.75482,-122.47657,1212640105
+37.74766,-122.47602,1212640165
+37.74234,-122.47569,1212640228
+37.73252,-122.47504,1212640288
+37.72917,-122.4749,1212640348
+37.72611,-122.47509,1212640411
+37.71742,-122.47306,1212640471
+37.704,-122.47183,1212640531
+37.69007,-122.47052,1212640581
+37.67667,-122.4709,1212640629
+37.66379,-122.46584,1212640683
+37.65318,-122.45561,1212640728
+37.64259,-122.44525,1212640775
+37.63131,-122.43631,1212640824
+37.63177,-122.42145,1212640885
+37.63355,-122.40472,1212640952
+37.62095,-122.4004,1212641003
+37.61397,-122.39322,1212641062
+37.61471,-122.38982,1212641122
+37.61467,-122.38971,1212641161
+37.61481,-122.38973,1212641175
+37.6139,-122.39423,1212641235
+37.61475,-122.39175,1212641300
+37.61478,-122.39143,1212641361
+37.61565,-122.38794,1212641425
+37.61565,-122.38794,1212642390
+37.61662,-122.38603,1212642470
+37.61671,-122.38608,1212642530
+37.6167,-122.38607,1212642591
+37.6167,-122.38607,1212642651
+37.61687,-122.38605,1212642711
+37.61686,-122.38604,1212642780
+37.61686,-122.38603,1212642898
+37.61687,-122.38603,1212642952
+37.61687,-122.38601,1212643009
+37.61697,-122.38597,1212643067
+37.617,-122.38596,1212643137
+37.61639,-122.38602,1212643488
+37.61607,-122.38827,1212645307
+37.61761,-122.39859,1212645366
+37.63081,-122.40249,1212645401
+37.64385,-122.4061,1212645449
+37.65774,-122.4057,1212645504
+37.66787,-122.39454,1212645560
+37.68068,-122.38867,1212645605
+37.6939,-122.39162,1212645652
+37.70721,-122.39462,1212645701
+37.72002,-122.39979,1212645750
+37.73271,-122.40518,1212645799
+37.7601,-122.40625,1212645908
+37.76943,-122.41037,1212645968
+37.77164,-122.42315,1212646029
+37.77519,-122.42416,1212646089
+37.77533,-122.42783,1212646150
+37.77439,-122.43518,1212646210
+37.77628,-122.43805,1212646271
+37.77872,-122.43849,1212646331
+37.78311,-122.4394,1212646391
+37.78702,-122.44176,1212646451
+37.78735,-122.44534,1212646511
+37.79047,-122.4474,1212646571
+37.79493,-122.44963,1212646631
+37.79501,-122.45185,1212646691
+37.79366,-122.45036,1212646756
+37.79367,-122.45037,1212646812
+37.79366,-122.45028,1212646834
+37.79643,-122.45182,1212646890
+37.79822,-122.44802,1212646950
+37.79873,-122.44413,1212647010
+37.79875,-122.44411,1212647026
+37.79985,-122.4359,1212647087
+37.80127,-122.42481,1212647151
+37.80432,-122.42346,1212647212
+37.80475,-122.42009,1212647259
+37.80476,-122.42009,1212647260
+37.80569,-122.42026,1212647320
+37.80671,-122.41344,1212647380
+37.80797,-122.40902,1212647441
+37.80854,-122.41348,1212647512
+37.80828,-122.41543,1212647562
+37.80757,-122.42066,1212647622
+37.80676,-122.42053,1212647657
+37.80763,-122.42031,1212647717
+37.80603,-122.41783,1212647777
+37.80696,-122.41346,1212647837
+37.80733,-122.40768,1212647887
+37.80445,-122.4027,1212647956
+37.80261,-122.40184,1212648016
+37.79885,-122.40113,1212648054
+37.79511,-122.4003,1212648107
+37.79328,-122.39877,1212648167
+37.79409,-122.39687,1212648227
+37.79325,-122.39525,1212648287
+37.79329,-122.39482,1212648353
+37.7931,-122.39442,1212648409
+37.79312,-122.3933,1212648474
+37.79358,-122.39626,1212648534
+37.79422,-122.39798,1212648589
+37.79288,-122.40208,1212648661
+37.79466,-122.39811,1212648710
+37.79405,-122.3975,1212648747
+37.79332,-122.3976,1212648785
+37.7931,-122.39726,1212648846
+37.79164,-122.39809,1212648906
+37.79311,-122.39725,1212648966
+37.79342,-122.39714,1212649027
+37.7934,-122.39713,1212649058
+37.791,-122.39716,1212649200
+37.79282,-122.39703,1212649554
+37.7926,-122.39742,1212649555
+37.79259,-122.39752,1212649556
+37.79263,-122.3974,1212649562
+37.79276,-122.39763,1212649623
+37.79279,-122.39768,1212649683
+37.79287,-122.39754,1212649744
+37.79285,-122.39753,1212649804
+37.79302,-122.39753,1212649865
+37.79316,-122.39754,1212649926
+37.79316,-122.39757,1212649987
+37.79308,-122.39748,1212650047
+37.79309,-122.39747,1212650109
+37.79318,-122.39729,1212650168
+37.79323,-122.39725,1212650195
+37.79309,-122.39743,1212650255
+37.7931,-122.39744,1212650316
+37.79319,-122.39769,1212650377
+37.79306,-122.39758,1212650437
+37.79293,-122.3977,1212650502
+37.79299,-122.39769,1212650562
+37.79297,-122.39753,1212650622
+37.79299,-122.39757,1212650677
+37.79299,-122.39757,1212650693
+37.79287,-122.39764,1212650737
+37.79288,-122.39766,1212650805
+37.79284,-122.39772,1212650862
+37.79288,-122.39769,1212650918
+37.79291,-122.39765,1212650978
+37.79281,-122.39763,1212651038
+37.79282,-122.39765,1212651098
+37.79286,-122.3977,1212651133
+37.79276,-122.39791,1212651188
+37.7928,-122.39776,1212651210
+37.79282,-122.39769,1212651245
+37.79279,-122.39773,1212651305
+37.79275,-122.39776,1212651365
+37.79264,-122.3973,1212651425
+37.79324,-122.39493,1212651485
+37.79288,-122.39395,1212651545
+37.79174,-122.39214,1212651606
+37.79157,-122.39542,1212651666
+37.79428,-122.39673,1212651729
+37.7944,-122.39873,1212651787
+37.79417,-122.40081,1212651824
+37.79491,-122.39809,1212651880
+37.79473,-122.39697,1212651940
+37.79219,-122.39867,1212652001
+37.79768,-122.39074,1212652061
+37.79216,-122.39852,1212652122
+37.79198,-122.39845,1212652183
+37.79224,-122.39782,1212652244
+37.79061,-122.39531,1212652304
+37.7878,-122.39701,1212652365
+37.78518,-122.40033,1212652426
+37.78272,-122.40343,1212652487
+37.7788,-122.40603,1212652547
+37.77645,-122.40305,1212652608
+37.77138,-122.39815,1212652668
+37.76092,-122.39262,1212652729
+37.75624,-122.39251,1212652752
+37.7501,-122.39266,1212652812
+37.75138,-122.39449,1212652872
+37.75162,-122.39523,1212652932
+37.75162,-122.39524,1212652993
+37.75156,-122.39524,1212653053
+37.75156,-122.39527,1212653114
+37.75163,-122.39529,1212653175
+37.75163,-122.39528,1212653236
+37.7515,-122.39522,1212653296
+37.75144,-122.39519,1212653357
+37.75141,-122.39521,1212653417
+37.75132,-122.39523,1212653478
+37.75161,-122.39501,1212653538
+37.75129,-122.39437,1212671853
+37.50835,-122.25002,1212722686
+37.74955,-122.39278,1212789761
+37.74616,-122.39439,1212789803
+37.73874,-122.40083,1212789855
+37.73224,-122.41523,1212789915
+37.73229,-122.432,1212789970
+37.72608,-122.44624,1212790031
+37.71352,-122.45222,1212790087
+37.70948,-122.4678,1212790151
+37.70519,-122.47099,1212790206
+37.6888,-122.48758,1213008680
+37.69272,-122.49104,1213008740
+37.6974,-122.48925,1213008800
+37.69808,-122.4832,1213008860
+37.70528,-122.48582,1213008920
+37.71481,-122.48514,1213008980
+37.72331,-122.48499,1213009040
+37.72066,-122.48127,1213009100
+37.72205,-122.47502,1213009161
+37.72872,-122.47464,1213009235
+37.73546,-122.47507,1213009282
+37.74223,-122.47553,1213009346
+37.74941,-122.47603,1213009404
+37.75029,-122.47593,1213009462
+37.75028,-122.47595,1213009522
+37.75101,-122.47484,1213009597
+37.75307,-122.47629,1213009671
+37.75611,-122.47632,1213009687
+37.75411,-122.47983,1213009753
+37.75379,-122.48718,1213009808
+37.74993,-122.48911,1213009872
+37.74689,-122.48886,1213009949
+37.74692,-122.48888,1213010009
+37.74692,-122.48889,1213010069
+37.74692,-122.48886,1213010129
+37.74692,-122.48887,1213010189
+37.74692,-122.48887,1213010249
+37.74633,-122.48584,1213010333
+37.74484,-122.48123,1213010393
+37.74486,-122.47598,1213010453
+37.73647,-122.47532,1213010513
+37.727,-122.47499,1213010575
+37.7179,-122.47341,1213010637
+37.70931,-122.47115,1213010696
+37.6954,-122.4707,1213010748
+37.68208,-122.47173,1213010795
+37.66948,-122.46619,1213010845
+37.65698,-122.46044,1213010898
+37.64596,-122.45011,1213010948
+37.63551,-122.43937,1213010998
+37.62836,-122.42841,1213011058
+37.6341,-122.41314,1213011118
+37.62797,-122.4026,1213011179
+37.61582,-122.39862,1213011239
+37.61505,-122.3903,1213011299
+37.61518,-122.38514,1213011373
+37.6158,-122.3976,1213011502
+37.62875,-122.40194,1213011554
+37.63445,-122.41384,1213011610
+37.62961,-122.42924,1213011666
+37.63902,-122.44125,1213011724
+37.64956,-122.45191,1213011776
+37.65959,-122.46327,1213011828
+37.6726,-122.46729,1213011880
+37.68522,-122.47124,1213011940
+37.69905,-122.47126,1213011985
+37.71147,-122.47124,1213012046
+37.71864,-122.47243,1213012106
+37.72798,-122.4719,1213012166
+37.73482,-122.47264,1213012226
+37.73962,-122.47534,1213012286
+37.74735,-122.47583,1213012346
+37.7616,-122.47691,1213012469
+37.76354,-122.47712,1213012526
+37.77089,-122.47927,1213012591
+37.77426,-122.48428,1213012648
+37.78106,-122.48477,1213012721
+37.78406,-122.48121,1213012769
+37.78498,-122.47754,1213012903
+37.78498,-122.47755,1213012953
+37.78343,-122.47856,1213013013
+37.78041,-122.47921,1213013075
+37.78023,-122.48354,1213013133
+37.77993,-122.48966,1213013193
+37.77891,-122.49435,1213013253
+37.77679,-122.4942,1213013314
+37.77213,-122.49339,1213013376
+37.77242,-122.48758,1213013434
+37.77117,-122.47953,1213013494
+37.76372,-122.47722,1213013561
+37.76123,-122.47698,1213013621
+37.75201,-122.4763,1213013680
+37.74397,-122.47573,1213013736
+37.73986,-122.47547,1213013763
+37.7316,-122.47491,1213013823
+37.72714,-122.47498,1213013883
+37.72394,-122.47515,1213013943
+37.71738,-122.4729,1213014003
+37.70718,-122.47142,1213014063
+37.69379,-122.47047,1213014112
+37.68041,-122.47177,1213014161
+37.66797,-122.46589,1213014211
+37.65573,-122.45881,1213014261
+37.64487,-122.44912,1213014308
+37.63445,-122.43883,1213014356
+37.62966,-122.42553,1213014417
+37.63361,-122.40965,1213014470
+37.62364,-122.40129,1213014530
+37.61354,-122.39509,1213014600
+37.61487,-122.38966,1213014643
+37.61487,-122.38966,1213014645
+37.61499,-122.38995,1213014705
+37.61556,-122.39216,1213014767
+37.61556,-122.39216,1213014782
+37.62072,-122.3994,1213014836
+37.63366,-122.40331,1213014890
+37.63279,-122.41989,1213014942
+37.63154,-122.43621,1213015000
+37.64287,-122.4451,1213015055
+37.65343,-122.45542,1213015103
+37.66444,-122.46551,1213015153
+37.67741,-122.47109,1213015205
+37.6908,-122.4702,1213015254
+37.70449,-122.47144,1213015304
+37.71654,-122.47231,1213015364
+37.72428,-122.47211,1213015424
+37.73112,-122.47168,1213015484
+37.73456,-122.4715,1213015545
+37.73477,-122.4749,1213015606
+37.74196,-122.4755,1213015667
+37.75011,-122.47604,1213015727
+37.75824,-122.47661,1213015799
+37.76636,-122.47739,1213015854
+37.77207,-122.48389,1213015909
+37.77804,-122.48459,1213015973
+37.78386,-122.48561,1213016051
+37.78389,-122.48448,1213016077
+37.78455,-122.48394,1213016208
+37.78401,-122.48154,1213016272
+37.78438,-122.47376,1213016325
+37.78465,-122.4676,1213016386
+37.78558,-122.45997,1213016451
+37.78649,-122.45255,1213016506
+37.78718,-122.44693,1213016575
+37.78757,-122.44389,1213016634
+37.78827,-122.43893,1213016689
+37.78901,-122.43294,1213016738
+37.78999,-122.42515,1213016795
+37.79082,-122.41949,1213016855
+37.79119,-122.41591,1213016916
+37.79201,-122.40949,1213016981
+37.79257,-122.40463,1213017037
+37.79474,-122.40291,1213017096
+37.79492,-122.40303,1213017107
+37.79438,-122.40151,1213017134
+37.79253,-122.40079,1213017196
+37.79085,-122.40114,1213017255
+37.79084,-122.40254,1213017314
+37.78932,-122.40909,1213017374
+37.78872,-122.4132,1213017434
+37.78841,-122.41608,1213017500
+37.78776,-122.42032,1213017561
+37.78714,-122.42502,1213017640
+37.78286,-122.42416,1213017700
+37.77887,-122.42338,1213017745
+37.77881,-122.42254,1213017796
+37.77881,-122.42254,1213017857
+37.7788,-122.42253,1213017916
+37.77883,-122.42253,1213017979
+37.78034,-122.41771,1213018034
+37.77871,-122.41468,1213018100
+37.775,-122.41007,1213018160
+37.77144,-122.4057,1213018215
+37.77017,-122.4041,1213018275
+37.77358,-122.39949,1213018337
+37.777,-122.39523,1213018400
+37.77713,-122.39528,1213018455
+37.77704,-122.39534,1213018472
+37.77638,-122.39578,1213018532
+37.77638,-122.39578,1213018597
+37.7764,-122.39573,1213018654
+37.86058,-122.24762,1213018673
+37.7765,-122.39564,1213018686
+37.77661,-122.39571,1213018754
+37.77655,-122.39552,1213018811
+37.77675,-122.39558,1213018866
+37.77674,-122.39547,1213018926
+37.77681,-122.39555,1213018957
+37.77656,-122.39452,1213019010
+37.76748,-122.39592,1213019070
+37.75422,-122.39218,1213019125
+37.7527,-122.38985,1213019188
+37.75279,-122.38797,1213019240
+37.75278,-122.38797,1213019242
+37.7556,-122.38793,1213019304
+37.7604,-122.38851,1213019362
+37.76018,-122.39412,1213019426
+37.76043,-122.39447,1213019489
+37.76133,-122.39632,1213019609
+37.76505,-122.39673,1213019675
+37.76768,-122.39689,1213019730
+37.77252,-122.40079,1213019790
+37.7767,-122.39551,1213019850
+37.77823,-122.39346,1213019923
+37.77892,-122.39297,1213019974
+37.78093,-122.39579,1213020031
+37.78342,-122.39835,1213020091
+37.78646,-122.40086,1213020151
+37.78558,-122.39983,1213020220
+37.78563,-122.40127,1213020271
+37.78768,-122.40363,1213020333
+37.78766,-122.40649,1213020380
+37.78673,-122.40648,1213020444
+37.78336,-122.40282,1213020501
+37.78061,-122.39941,1213020561
+37.77841,-122.39669,1213020623
+37.77739,-122.3948,1213020666
+37.77743,-122.3948,1213020668
+37.77649,-122.39431,1213020728
+37.77787,-122.39256,1213020788
+37.77997,-122.394,1213020848
+37.7818,-122.39643,1213020909
+37.78529,-122.40079,1213020978
+37.78809,-122.4041,1213021036
+37.78728,-122.40856,1213021088
+37.78655,-122.41461,1213021153
+37.78569,-122.42113,1213021208
+37.78565,-122.422,1213021269
+37.78541,-122.42454,1213021317
+37.78495,-122.42869,1213021375
+37.78338,-122.43933,1213021434
+37.78286,-122.44345,1213021492
+37.78228,-122.44978,1213021553
+37.7823,-122.44979,1213021613
+37.78231,-122.44979,1213021674
+37.78236,-122.44981,1213021740
+37.78235,-122.44981,1213021799
+37.78226,-122.44977,1213021860
+37.78224,-122.44978,1213021930
+37.78228,-122.4498,1213022015
+37.78228,-122.44979,1213022083
+37.78226,-122.4498,1213022179
+37.78224,-122.44981,1213022240
+37.78214,-122.45117,1213022338
+37.78139,-122.4576,1213022398
+37.78134,-122.45852,1213022429
+37.78109,-122.46398,1213022490
+37.78091,-122.46843,1213022550
+37.78073,-122.47212,1213022610
+37.78053,-122.47653,1213022670
+37.78037,-122.4799,1213022735
+37.7801,-122.48553,1213022792
+37.77991,-122.49013,1213022857
+37.77971,-122.49151,1213022912
+37.78006,-122.48407,1213022982
+37.78045,-122.47527,1213023048
+37.78055,-122.4727,1213023094
+37.78115,-122.45956,1213023199
+37.78077,-122.45617,1213023230
+37.7814,-122.45809,1213023271
+37.78129,-122.46125,1213023286
+37.77753,-122.45526,1213023404
+37.77182,-122.45412,1213023577
+37.76852,-122.45344,1213023638
+37.76594,-122.45289,1213023712
+37.76298,-122.45231,1213023759
+37.76199,-122.44355,1213023880
+37.76192,-122.43838,1213023945
+37.76176,-122.43783,1213024000
+37.7625,-122.43532,1213024061
+37.75876,-122.43484,1213024121
+37.75336,-122.43431,1213024181
+37.75082,-122.43408,1213024256
+37.7482,-122.42937,1213024361
+37.74804,-122.42936,1213024363
+37.74824,-122.42931,1213024423
+37.75147,-122.42964,1213024491
+37.75234,-122.43419,1213024620
+37.75872,-122.43481,1213024723
+37.76235,-122.43516,1213024778
+37.76249,-122.43514,1213024850
+37.76678,-122.4356,1213024892
+37.76853,-122.43575,1213024957
+37.76963,-122.4361,1213024982
+37.77096,-122.43696,1213025051
+37.77252,-122.4373,1213025109
+37.77275,-122.43729,1213025163
+37.77372,-122.43306,1213025251
+37.77427,-122.42849,1213025366
+37.77454,-122.42651,1213025426
+37.77476,-122.42493,1213025482
+37.77698,-122.42133,1213025603
+37.78192,-122.42223,1213025669
+37.78294,-122.42262,1213025723
+37.78514,-122.419,1213025844
+37.78578,-122.41376,1213025905
+37.78595,-122.41146,1213025946
+37.78595,-122.41145,1213025947
+37.78605,-122.41117,1213026007
+37.78698,-122.41131,1213026082
+37.78687,-122.41126,1213026087
+37.78628,-122.4099,1213026118
+37.78667,-122.40677,1213026192
+37.7848,-122.40504,1213026263
+37.78175,-122.40089,1213026331
+37.77913,-122.40078,1213026357
+37.76955,-122.40553,1213026417
+37.75651,-122.40337,1213026488
+37.73934,-122.40812,1213026601
+37.73598,-122.40727,1213026670
+37.73081,-122.40427,1213026723
+37.72432,-122.40156,1213026787
+37.71882,-122.39962,1213026841
+37.71421,-122.39744,1213026908
+37.70708,-122.39481,1213026963
+37.69402,-122.39189,1213027023
+37.68089,-122.38891,1213027085
+37.624,-122.40147,1213027340
+37.61777,-122.38527,1213027534
+37.61753,-122.38747,1213027620
+37.62327,-122.40058,1213027736
+37.63715,-122.40411,1213027807
+37.68707,-122.39011,1213028015
+37.71368,-122.39677,1213028092
+37.72156,-122.40019,1213028146
+37.7319,-122.40437,1213028204
+37.74359,-122.396,1213028257
+37.75077,-122.39343,1213028323
+37.75082,-122.39349,1213028378
+37.74974,-122.39709,1213028494
+37.74903,-122.39713,1213028722
+37.74991,-122.39357,1213028787
+37.74715,-122.39374,1213028830
+37.73676,-122.40319,1213028898
+37.72358,-122.40122,1213028951
+37.71245,-122.39625,1213029011
+37.70257,-122.39385,1213029088
+37.68945,-122.39089,1213029135
+37.67593,-122.38893,1213029198
+37.62698,-122.40215,1213029409
+37.60204,-122.38241,1213029553
+37.60653,-122.38545,1213029680
+37.60874,-122.38688,1213029739
+37.60879,-122.38685,1213029794
+37.60874,-122.38687,1213029862
+37.60923,-122.38711,1213030427
+37.62169,-122.39947,1213030605
+37.6247,-122.40065,1213030654
+37.62996,-122.40133,1213030655
+37.6539,-122.4069,1213030906
+37.67656,-122.38847,1213030997
+37.69011,-122.39071,1213031048
+37.70328,-122.39368,1213031100
+37.71601,-122.39841,1213031159
+37.72902,-122.40287,1213031216
+37.74143,-122.39839,1213031272
+37.74999,-122.39332,1213031331
+37.75132,-122.39437,1213031396
+37.75133,-122.39437,1213031451
+37.75138,-122.39434,1213031881
+37.75114,-122.39528,1213032498
+37.74999,-122.39263,1213032694
+37.74997,-122.39242,1213032754
+37.7385,-122.401,1213032813
+37.72592,-122.40212,1213032875
+37.71322,-122.39665,1213032930
+37.70014,-122.39325,1213032969
+37.68681,-122.39023,1213033030
+37.67306,-122.39026,1213033092
+37.65433,-122.40707,1213033157
+37.6273,-122.4022,1213033265
+37.60878,-122.38686,1213033635
